0 0.9162760416666667 0.4946759259259259 0.16744791666666667 0.13935185185185187
0 0.8950520833333333 0.6974537037037037 0.04895833333333333 0.11712962962962963
0 0.74765625 0.6314814814814815 0.09322916666666667 0.12314814814814815
0 0.640625 0.6326388888888889 0.12083333333333333 0.12175925925925926
0 0.5319010416666666 0.5469907407407407 0.14036458333333332 0.12453703703703704
0 0.49635416666666665 0.4601851851851852 0.028125 0.05555555555555555
0 0.4583333333333333 0.3611111111111111 0.11145833333333334 0.08703703703703704
0 0.3875 0.256712962962963 0.052083333333333336 0.043055555555555555
0 0.22447916666666667 0.32175925925925924 0.035416666666666666 0.044444444444444446
0 0.18111979166666667 0.33935185185185185 0.02890625 0.03333333333333333
0 0.2828125 0.3300925925925926 0.019791666666666666 0.028703703703703703
0 0.36028645833333334 0.32222222222222224 0.01796875 0.028703703703703703
0 0.17161458333333332 0.58125 0.09895833333333333 0.08009259259259259
0 0.234375 0.5743055555555555 0.0421875 0.11527777777777778
0 0.16770833333333332 0.49421296296296297 0.05677083333333333 0.08101851851851852
0 0.3665364583333333 0.5831018518518518 0.08932291666666667 0.08472222222222223
0 0.4309895833333333 0.6155092592592593 0.12239583333333333 0.17546296296296296
0 0.049609375 0.5921296296296297 0.09921875 0.1
0 0.083984375 0.5555555555555556 0.07369791666666667 0.06666666666666667
0 0.15208333333333332 0.7201388888888889 0.2953125 0.17916666666666667
0 0.26510416666666664 0.7761574074074075 0.45677083333333335 0.300462962962963
0 0.7766927083333334 0.3962962962962963 0.17473958333333334 0.1935185185185185
0 0.007291666666666667 0.02962962962962963 0.014583333333333334 0.03333333333333333
