0 0.189453125 0.11574074074074074 0.04244791666666667 0.0712962962962963
0 0.08203125 0.2986111111111111 0.040625 0.07407407407407407
0 0.053125 0.5208333333333334 0.05364583333333333 0.08148148148148149
0 0.01953125 0.46597222222222223 0.034375 0.0912037037037037
0 0.17122395833333334 0.5300925925925926 0.08567708333333333 0.07592592592592592
0 0.20481770833333332 0.43703703703703706 0.03723958333333333 0.05740740740740741
0 0.272265625 0.4752314814814815 0.04973958333333333 0.05694444444444444
0 0.31549479166666666 0.4548611111111111 0.07161458333333333 0.06435185185185185
0 0.3170572916666667 0.3800925925925926 0.07890625 0.05462962962962963
0 0.31692708333333336 0.5349537037037037 0.07291666666666667 0.059722222222222225
0 0.481640625 0.2273148148148148 0.08307291666666666 0.05925925925925926
0 0.5204427083333333 0.3365740740740741 0.04244791666666667 0.04722222222222222
0 0.7235677083333333 0.43148148148148147 0.05234375 0.04537037037037037
0 0.8444010416666666 0.3627314814814815 0.06484375 0.0625
0 0.9403645833333333 0.41782407407407407 0.06614583333333333 0.059722222222222225
0 0.98515625 0.9222222222222223 0.0296875 0.03888888888888889
0 0.9216145833333333 0.9606481481481481 0.0265625 0.03796296296296296
0 0.2942708333333333 0.9726851851851852 0.016666666666666666 0.03796296296296296
0 0.19401041666666666 0.8342592592592593 0.0203125 0.037037037037037035
