0 0.23294270833333333 0.3784722222222222 0.053385416666666664 0.0625
0 0.26276041666666666 0.29375 0.041666666666666664 0.03657407407407407
0 0.08763020833333333 0.34421296296296294 0.029427083333333333 0.02361111111111111
0 0.1890625 0.3861111111111111 0.009375 0.017592592592592594
0 0.15677083333333333 0.34629629629629627 0.015625 0.020370370370370372
0 0.28854166666666664 0.3733796296296296 0.0125 0.01898148148148148
0 0.31666666666666665 0.3905092592592593 0.0109375 0.01990740740740741
0 0.37747395833333336 0.4706018518518518 0.08307291666666666 0.05787037037037037
0 0.4139322916666667 0.6013888888888889 0.011197916666666667 0.019444444444444445
0 0.9045572916666667 0.5321759259259259 0.009114583333333334 0.01712962962962963
0 0.898046875 0.5344907407407408 0.009114583333333334 0.015277777777777777
0 0.934765625 0.5016203703703703 0.012760416666666666 0.016203703703703703
0 0.9481770833333333 0.5115740740740741 0.0109375 0.013888888888888888
0 0.93828125 0.5120370370370371 0.008333333333333333 0.010185185185185186
0 0.955078125 0.4858796296296296 0.011197916666666667 0.0125
0 0.6884114583333333 0.6465277777777778 0.019010416666666665 0.04490740740740741
0 0.5380208333333333 0.5333333333333333 0.008333333333333333 0.016666666666666666
0 0.5544270833333333 0.5050925925925925 0.0109375 0.01574074074074074
0 0.5571614583333333 0.5166666666666667 0.01171875 0.01574074074074074
0 0.39205729166666664 0.3650462962962963 0.012239583333333333 0.027314814814814816
0 0.4140625 0.36574074074074076 0.0078125 0.012037037037037037
0 0.42135416666666664 0.3460648148148148 0.007291666666666667 0.0125
0 0.42669270833333334 0.33125 0.006510416666666667 0.0125
0 0.441015625 0.36064814814814816 0.01171875 0.01574074074074074
0 0.4544270833333333 0.3761574074074074 0.0109375 0.018055555555555554
0 0.46197916666666666 0.3226851851851852 0.008854166666666666 0.017592592592592594
0 0.476171875 0.42060185185185184 0.03463541666666667 0.04398148148148148
0 0.49700520833333334 0.425 0.010677083333333334 0.019444444444444445
0 0.5623697916666667 0.41782407407407407 0.006510416666666667 0.0125
0 0.59921875 0.36319444444444443 0.007291666666666667 0.015277777777777777
0 0.5712239583333333 0.38935185185185184 0.006510416666666667 0.011111111111111112
0 0.6729166666666667 0.3784722222222222 0.06302083333333333 0.05138888888888889
0 0.64609375 0.38425925925925924 0.03697916666666667 0.03518518518518519
0 0.27109375 0.6157407407407407 0.016666666666666666 0.025925925925925925
0 0.2984375 0.6585648148148148 0.019270833333333334 0.024537037037037038
0 0.9169270833333333 0.42060185185185184 0.030729166666666665 0.03009259259259259
0 0.859765625 0.2949074074074074 0.02109375 0.022222222222222223
0 0.9080729166666667 0.25439814814814815 0.030208333333333334 0.03287037037037037
0 0.80859375 0.4962962962962963 0.013020833333333334 0.024074074074074074
0 0.8259114583333333 0.49745370370370373 0.01015625 0.01898148148148148
0 0.8298177083333333 0.5111111111111111 0.01328125 0.01574074074074074
0 0.7194010416666666 0.25416666666666665 0.012239583333333333 0.013888888888888888
0 0.6690104166666667 0.2967592592592593 0.007291666666666667 0.012037037037037037
0 0.49557291666666664 0.3421296296296296 0.009375 0.016666666666666666
0 0.4278645833333333 0.3824074074074074 0.0078125 0.014814814814814815
0 0.4388020833333333 0.39189814814814816 0.0125 0.0125
0 0.05859375 0.34120370370370373 0.016145833333333335 0.025
0 0.35833333333333334 0.399537037037037 0.016666666666666666 0.025
0 0.3375 0.37083333333333335 0.016666666666666666 0.013888888888888888
0 0.39947916666666666 0.3277777777777778 0.010416666666666666 0.016666666666666666
0 0.41822916666666665 0.3087962962962963 0.007291666666666667 0.013888888888888888
0 0.4348958333333333 0.36527777777777776 0.00625 0.017592592592592594
0 0.43307291666666664 0.3888888888888889 0.009895833333333333 0.014814814814814815
0 0.4276041666666667 0.40370370370370373 0.008333333333333333 0.011111111111111112
0 0.39817708333333335 0.38796296296296295 0.013020833333333334 0.020370370370370372
0 0.6002604166666666 0.30648148148148147 0.008854166666666666 0.012962962962962963
0 0.6041666666666666 0.27685185185185185 0.00625 0.009259259259259259
0 0.6184895833333334 0.29814814814814816 0.0046875 0.016666666666666666
0 0.6651041666666667 0.2800925925925926 0.007291666666666667 0.01574074074074074
0 0.64921875 0.33240740740740743 0.005729166666666666 0.011111111111111112
0 0.7130208333333333 0.28055555555555556 0.009375 0.009259259259259259
0 0.7463541666666667 0.20972222222222223 0.011458333333333333 0.019444444444444445
0 0.8875 0.20277777777777778 0.0125 0.016666666666666666
0 0.8744791666666667 0.21574074074074073 0.009375 0.014814814814814815
0 0.8885416666666667 0.3574074074074074 0.053125 0.05555555555555555
0 0.8833333333333333 0.3731481481481482 0.052083333333333336 0.05185185185185185
0 0.8372395833333334 0.961574074074074 0.0078125 0.01574074074074074
0 0.84453125 0.9791666666666666 0.009895833333333333 0.010185185185185186
0 0.8356770833333333 0.924537037037037 0.0078125 0.021296296296296296
0 0.8536458333333333 0.9361111111111111 0.009375 0.014814814814814815
0 0.9817708333333334 0.9291666666666667 0.009375 0.017592592592592594
0 0.9658854166666667 0.9319444444444445 0.0109375 0.019444444444444445
0 0.94375 0.9148148148148149 0.009375 0.016666666666666666
0 0.8838541666666667 0.7842592592592592 0.009375 0.012962962962962963
0 0.8794270833333333 0.825462962962963 0.0078125 0.01574074074074074
0 0.8875 0.8560185185185185 0.008333333333333333 0.012037037037037037
0 0.9661458333333334 0.7814814814814814 0.005208333333333333 0.012962962962962963
0 0.9619791666666667 0.7023148148148148 0.007291666666666667 0.01574074074074074
0 0.9489583333333333 0.7222222222222222 0.008333333333333333 0.014814814814814815
0 0.9502604166666667 0.7421296296296296 0.009895833333333333 0.019444444444444445
0 0.9611979166666667 0.7194444444444444 0.0078125 0.014814814814814815
0 0.9669270833333333 0.7342592592592593 0.009895833333333333 0.014814814814814815
0 0.9973958333333334 0.7398148148148148 0.005208333333333333 0.018518518518518517
0 0.9796875 0.7935185185185185 0.007291666666666667 0.012962962962962963
0 0.9736979166666667 0.8060185185185185 0.0078125 0.012037037037037037
0 0.9828125 0.8430555555555556 0.003125 0.004629629629629629
0 0.9739583333333334 0.8384259259259259 0.00625 0.008333333333333333
0 0.9692708333333333 0.8384259259259259 0.007291666666666667 0.012037037037037037
0 0.93828125 0.8643518518518518 0.0078125 0.012037037037037037
0 0.92265625 0.8611111111111112 0.0078125 0.011111111111111112
0 0.9346354166666667 0.7185185185185186 0.0078125 0.012962962962962963
0 0.94921875 0.6837962962962963 0.008854166666666666 0.013888888888888888
0 0.9578125 0.6791666666666667 0.007291666666666667 0.012037037037037037
0 0.9419270833333333 0.6467592592592593 0.009895833333333333 0.017592592592592594
0 0.9403645833333333 0.6240740740740741 0.0078125 0.016666666666666666
0 0.96015625 0.6037037037037037 0.0078125 0.016666666666666666
0 0.8807291666666667 0.5601851851851852 0.008333333333333333 0.018518518518518517
0 0.8760416666666667 0.549537037037037 0.010416666666666666 0.01574074074074074
0 0.7604166666666666 0.6351851851851852 0.020833333333333332 0.07037037037037037
0 0.8057291666666667 0.5819444444444445 0.0125 0.023148148148148147
0 0.10729166666666666 0.9513888888888888 0.013541666666666667 0.017592592592592594
0 0.10338541666666666 0.9819444444444444 0.0067708333333333336 0.013888888888888888
0 0.11119791666666666 0.9689814814814814 0.009895833333333333 0.01574074074074074
0 0.1359375 0.950462962962963 0.008333333333333333 0.013888888888888888
0 0.14479166666666668 0.9287037037037037 0.007291666666666667 0.018518518518518517
0 0.14947916666666666 0.9319444444444445 0.00625 0.013888888888888888
0 0.15520833333333334 0.9138888888888889 0.009375 0.020370370370370372
0 0.16432291666666668 0.9148148148148149 0.0140625 0.020370370370370372
0 0.18098958333333334 0.9087962962962963 0.0046875 0.013888888888888888
0 0.1734375 0.9152777777777777 0.010416666666666666 0.021296296296296296
0 0.18541666666666667 0.9537037037037037 0.008333333333333333 0.018518518518518517
0 0.17916666666666667 0.9689814814814814 0.008333333333333333 0.013888888888888888
0 0.16458333333333333 0.9398148148148148 0.00625 0.012962962962962963
0 0.16875 0.9527777777777777 0.00625 0.016666666666666666
0 0.16796875 0.9634259259259259 0.0078125 0.013888888888888888
0 0.15078125 0.9592592592592593 0.0067708333333333336 0.011111111111111112
0 0.15286458333333333 0.975462962962963 0.0109375 0.01574074074074074
0 0.16171875 0.9800925925925926 0.0078125 0.01574074074074074
0 0.153125 0.9916666666666667 0.0125 0.014814814814814815
0 0.12109375 0.9805555555555555 0.008854166666666666 0.012962962962962963
0 0.10208333333333333 0.9814814814814815 0.008333333333333333 0.011111111111111112
0 0.11901041666666666 0.9611111111111111 0.008854166666666666 0.014814814814814815
0 0.13411458333333334 0.9717592592592592 0.013020833333333334 0.017592592592592594
0 0.14166666666666666 0.9893518518518518 0.0125 0.021296296296296296
0 0.10911458333333333 0.986574074074074 0.011979166666666667 0.013888888888888888
0 0.14791666666666667 0.8425925925925926 0.019791666666666666 0.06851851851851852
0 0.12421875 0.8356481481481481 0.03177083333333333 0.04722222222222222
0 0.11953125 0.8009259259259259 0.0265625 0.044444444444444446
0 0.24713541666666666 0.49212962962962964 0.016145833333333335 0.028703703703703703
