0 0.069921875 0.4361111111111111 0.07786458333333333 0.09537037037037037
0 0.026302083333333334 0.40370370370370373 0.05260416666666667 0.16574074074074074
0 0.04869791666666667 0.2224537037037037 0.09635416666666667 0.15231481481481482
0 0.160546875 0.34791666666666665 0.19036458333333334 0.11712962962962963
0 0.203515625 0.30162037037037037 0.12786458333333334 0.11990740740740741
0 0.15208333333333332 0.23657407407407408 0.05416666666666667 0.06388888888888888
0 0.231640625 0.20324074074074075 0.13723958333333333 0.08981481481481482
0 0.23125 0.25069444444444444 0.16458333333333333 0.14027777777777778
0 0.24869791666666666 0.3425925925925926 0.059895833333333336 0.07777777777777778
0 0.18463541666666666 0.45208333333333334 0.05364583333333333 0.10324074074074074
0 0.243359375 0.45185185185185184 0.10963541666666667 0.10277777777777777
0 0.33932291666666664 0.42777777777777776 0.10260416666666666 0.06481481481481481
0 0.4005208333333333 0.4275462962962963 0.10885416666666667 0.1087962962962963
0 0.34713541666666664 0.4761574074074074 0.12239583333333333 0.11064814814814815
0 0.153125 0.08680555555555555 0.22291666666666668 0.17175925925925925
0 0.33841145833333336 0.23703703703703705 0.08776041666666666 0.0962962962962963
0 0.43411458333333336 0.22013888888888888 0.16927083333333334 0.14212962962962963
0 0.424609375 0.3414351851851852 0.22005208333333334 0.19583333333333333
0 0.5356770833333333 0.48680555555555555 0.11354166666666667 0.11435185185185186
0 0.5963541666666666 0.42939814814814814 0.065625 0.07731481481481481
0 0.6295572916666666 0.375 0.17526041666666667 0.2222222222222222
0 0.7045572916666667 0.36689814814814814 0.07994791666666666 0.08935185185185185
0 0.6134114583333333 0.2810185185185185 0.23359375 0.23425925925925925
0 0.7951822916666667 0.5951388888888889 0.04505208333333333 0.07175925925925926
0 0.8428385416666667 0.6215277777777778 0.04088541666666667 0.07453703703703704
0 0.9662760416666667 0.7787037037037037 0.06744791666666666 0.1259259259259259
0 0.9236979166666667 0.6111111111111112 0.15260416666666668 0.23425925925925925
0 0.363671875 0.7726851851851851 0.11848958333333333 0.09907407407407408
0 0.29583333333333334 0.7481481481481481 0.20885416666666667 0.21574074074074073
0 0.4342447916666667 0.6351851851851852 0.09192708333333334 0.13703703703703704
0 0.6221354166666667 0.6046296296296296 0.23229166666666667 0.23981481481481481
0 0.562890625 0.8145833333333333 0.05130208333333333 0.1087962962962963
0 0.5981770833333333 0.8296296296296296 0.0328125 0.08888888888888889
0 0.6225260416666667 0.7226851851851852 0.14609375 0.1685185185185185
0 0.6302083333333334 0.7826388888888889 0.07864583333333333 0.25046296296296294
0 0.5919270833333333 0.6407407407407407 0.2859375 0.29814814814814816
0 0.4641927083333333 0.9145833333333333 0.25442708333333336 0.17083333333333334
0 0.7252604166666666 0.7465277777777778 0.11354166666666667 0.15138888888888888
0 0.715625 0.7791666666666667 0.09791666666666667 0.17314814814814813
0 0.769140625 0.8048611111111111 0.18515625 0.22916666666666666
0 0.9595052083333333 0.8680555555555556 0.08098958333333334 0.09814814814814815
0 0.7481770833333333 0.8912037037037037 0.08697916666666666 0.15833333333333333
0 0.8783854166666667 0.8738425925925926 0.23802083333333332 0.2513888888888889
0 0.9505208333333334 0.4671296296296296 0.053125 0.05462962962962963
0 0.04791666666666667 0.28564814814814815 0.09583333333333334 0.05648148148148148
0 0.4153645833333333 0.4949074074074074 0.03177083333333333 0.06759259259259259
0 0.6200520833333333 0.5532407407407407 0.10364583333333334 0.07685185185185185
0 0.79375 0.5680555555555555 0.036458333333333336 0.03981481481481482
