0 0.275 0.05162037037037037 0.1125 0.08287037037037037
0 0.36692708333333335 0.03680555555555556 0.06302083333333333 0.04583333333333333
0 0.190234375 0.2474537037037037 0.13515625 0.09953703703703703
0 0.25494791666666666 0.1865740740740741 0.07083333333333333 0.04722222222222222
0 0.3802083333333333 0.40902777777777777 0.26145833333333335 0.20787037037037037
0 0.546484375 0.4925925925925926 0.08880208333333334 0.09166666666666666
0 0.5397135416666666 0.2881944444444444 0.08463541666666667 0.23287037037037037
0 0.8609375 0.8393518518518519 0.016666666666666666 0.021296296296296296
0 0.846875 0.799537037037037 0.015625 0.021296296296296296
0 0.76875 0.8240740740740741 0.019791666666666666 0.025925925925925925
0 0.90625 0.7736111111111111 0.017708333333333333 0.03981481481481482
0 0.9052083333333333 0.394212962962963 0.11302083333333333 0.11990740740740741
0 0.6696614583333333 0.2791666666666667 0.09713541666666667 0.07037037037037037
0 0.6100260416666666 0.050462962962962966 0.13203125 0.10092592592592593
0 0.1484375 0.29953703703703705 0.05625 0.06018518518518518
0 0.9796875 0.2324074074074074 0.040625 0.06481481481481481
