0 0.12083333333333333 0.6548611111111111 0.0671875 0.027314814814814816
0 0.16901041666666666 0.7513888888888889 0.04010416666666667 0.028703703703703703
0 0.20078125 0.7557870370370371 0.05416666666666667 0.050462962962962966
0 0.4264322916666667 0.7083333333333334 0.029427083333333333 0.04722222222222222
0 0.458203125 0.7034722222222223 0.03463541666666667 0.03287037037037037
0 0.567578125 0.6372685185185185 0.03411458333333333 0.0375
0 0.6567708333333333 0.7011574074074074 0.03854166666666667 0.050462962962962966
0 0.6505208333333333 0.674537037037037 0.03333333333333333 0.025
0 0.9778645833333334 0.7152777777777778 0.044270833333333336 0.03981481481481482
0 0.7122395833333334 0.643287037037037 0.04739583333333333 0.02824074074074074
0 0.2825520833333333 0.7240740740740741 0.03697916666666667 0.040740740740740744
