0 0.11927083333333334 0.9768518518518519 0.029166666666666667 0.03148148148148148
0 0.15338541666666666 0.9319444444444445 0.018229166666666668 0.062037037037037036
0 0.30950520833333334 0.774537037037037 0.01015625 0.023148148148148147
0 0.4388020833333333 0.7171296296296297 0.015625 0.02962962962962963
0 0.6358072916666667 0.655787037037037 0.01796875 0.02546296296296296
0 0.6763020833333333 0.6560185185185186 0.0203125 0.028703703703703703
0 0.7029947916666667 0.7219907407407408 0.016927083333333332 0.02638888888888889
0 0.6979166666666666 0.6034722222222222 0.009375 0.02546296296296296
0 0.7114583333333333 0.6564814814814814 0.0125 0.019444444444444445
0 0.7372395833333333 0.6 0.009375 0.019444444444444445
0 0.6990885416666667 0.6469907407407407 0.009635416666666667 0.02638888888888889
0 0.7850260416666667 0.5284722222222222 0.026302083333333334 0.02546296296296296
0 0.7981770833333334 0.49583333333333335 0.016145833333333335 0.023148148148148147
0 0.88359375 0.5162037037037037 0.027604166666666666 0.021296296296296296
0 0.8450520833333334 0.5585648148148148 0.013020833333333334 0.024537037037037038
0 0.8510416666666667 0.5842592592592593 0.01875 0.025
0 0.8319010416666667 0.6344907407407407 0.01328125 0.02175925925925926
0 0.940625 0.5574074074074075 0.025 0.03425925925925926
0 0.8522135416666666 0.305787037037037 0.021614583333333333 0.024537037037037038
0 0.9635416666666666 0.36226851851851855 0.06614583333333333 0.12083333333333333
0 0.6239583333333333 0.7097222222222223 0.04375 0.049074074074074076
0 0.19505208333333332 0.21805555555555556 0.0078125 0.012037037037037037
0 0.2552083333333333 0.15092592592592594 0.004166666666666667 0.011111111111111112
0 0.39505208333333336 0.34305555555555556 0.025520833333333333 0.017592592592592594
0 0.48125 0.21574074074074073 0.019791666666666666 0.025925925925925925
0 0.3802083333333333 0.15046296296296297 0.00625 0.01574074074074074
