0 0.6263020833333334 0.2671296296296296 0.009895833333333333 0.022222222222222223
0 0.64453125 0.3113425925925926 0.011458333333333333 0.01712962962962963
0 0.6713541666666667 0.2814814814814815 0.023958333333333335 0.022222222222222223
0 0.67109375 0.16319444444444445 0.015625 0.033796296296296297
0 0.6526041666666667 0.10578703703703704 0.010416666666666666 0.02175925925925926
0 0.7751302083333333 0.27523148148148147 0.01953125 0.02361111111111111
0 0.8205729166666667 0.17847222222222223 0.011979166666666667 0.02546296296296296
0 0.5651041666666666 0.06111111111111111 0.013541666666666667 0.024074074074074074
0 0.5705729166666667 0.013194444444444444 0.014583333333333334 0.022685185185185187
0 0.7897135416666666 0.1386574074074074 0.009635416666666667 0.01990740740740741
0 0.7795572916666667 0.1724537037037037 0.00703125 0.022685185185185187
0 0.9510416666666667 0.22083333333333333 0.008333333333333333 0.018518518518518517
0 0.957421875 0.24953703703703703 0.009635416666666667 0.01574074074074074
0 0.9333333333333333 0.17962962962962964 0.011458333333333333 0.016666666666666666
0 0.9313802083333333 0.1574074074074074 0.01171875 0.03425925925925926
0 0.8805989583333333 0.12986111111111112 0.00703125 0.015277777777777777
0 0.8729166666666667 0.10787037037037037 0.013541666666666667 0.025
0 0.8459635416666667 0.09745370370370371 0.00859375 0.01712962962962963
0 0.8302083333333333 0.07615740740740741 0.009895833333333333 0.031018518518518518
0 0.919921875 0.3002314814814815 0.01640625 0.031018518518518518
0 0.36627604166666666 0.18888888888888888 0.010677083333333334 0.023148148148148147
0 0.31940104166666666 0.058333333333333334 0.02265625 0.03796296296296296
0 0.3626302083333333 0.014351851851851852 0.020572916666666666 0.025925925925925925
0 0.4337239583333333 0.05115740740740741 0.014322916666666666 0.02546296296296296
0 0.43723958333333335 0.01875 0.01875 0.03009259259259259
0 0.5197916666666667 0.035416666666666666 0.009375 0.018055555555555554
0 0.35833333333333334 0.21875 0.011458333333333333 0.02546296296296296
0 0.21861979166666667 0.8826388888888889 0.023697916666666666 0.02361111111111111
0 0.11276041666666667 0.8914351851851852 0.021875 0.03287037037037037
0 0.105078125 0.8486111111111111 0.015364583333333333 0.03611111111111111
0 0.09375 0.7486111111111111 0.0203125 0.03518518518518519
0 0.126171875 0.7277777777777777 0.02109375 0.022222222222222223
0 0.14309895833333333 0.7118055555555556 0.017447916666666667 0.01990740740740741
0 0.11783854166666667 0.6872685185185186 0.02421875 0.02546296296296296
0 0.09244791666666667 0.6511574074074075 0.021875 0.029166666666666667
0 0.05130208333333333 0.631712962962963 0.021354166666666667 0.027314814814814816
0 0.05807291666666667 0.6754629629629629 0.021354166666666667 0.026851851851851852
0 0.042708333333333334 0.6729166666666667 0.011979166666666667 0.024537037037037038
0 0.016666666666666666 0.6819444444444445 0.025520833333333333 0.041666666666666664
0 0.233984375 0.7078703703703704 0.02734375 0.03148148148148148
0 0.23385416666666667 0.7361111111111112 0.020833333333333332 0.026851851851851852
0 0.26171875 0.7726851851851851 0.016145833333333335 0.03611111111111111
0 0.29635416666666664 0.8462962962962963 0.016666666666666666 0.037037037037037035
0 0.22122395833333333 0.7939814814814815 0.023177083333333334 0.030555555555555555
0 0.21822916666666667 0.8851851851851852 0.021875 0.03148148148148148
0 0.15833333333333333 0.7877314814814815 0.017708333333333333 0.03194444444444444
0 0.20481770833333332 0.968287037037037 0.02421875 0.024537037037037038
0 0.12447916666666667 0.9530092592592593 0.016145833333333335 0.02361111111111111
0 0.3634114583333333 0.9402777777777778 0.022135416666666668 0.07407407407407407
0 0.32526041666666666 0.874537037037037 0.0171875 0.030555555555555555
0 0.26145833333333335 0.8236111111111111 0.051041666666666666 0.058333333333333334
0 0.30052083333333335 0.9148148148148149 0.051041666666666666 0.09259259259259259
0 0.2203125 0.9587962962962963 0.013541666666666667 0.021296296296296296
0 0.16041666666666668 0.7708333333333334 0.015625 0.019444444444444445
0 0.0265625 0.6657407407407407 0.015625 0.027777777777777776
0 0.48020833333333335 0.034722222222222224 0.011458333333333333 0.019444444444444445
0 0.6338541666666667 0.006944444444444444 0.014583333333333334 0.013888888888888888
0 0.69921875 0.09027777777777778 0.009895833333333333 0.021296296296296296
0 0.6794270833333333 0.12777777777777777 0.009895833333333333 0.020370370370370372
0 0.88046875 0.2263888888888889 0.0171875 0.025
0 0.87109375 0.35555555555555557 0.0140625 0.025925925925925925
0 0.93359375 0.3675925925925926 0.011979166666666667 0.018518518518518517
0 0.67890625 0.7875 0.009895833333333333 0.010185185185185186
0 0.6825520833333333 0.7550925925925925 0.013020833333333334 0.013888888888888888
0 0.6682291666666667 0.7472222222222222 0.009375 0.012962962962962963
0 0.6346354166666667 0.7476851851851852 0.008854166666666666 0.017592592592592594
0 0.63828125 0.7351851851851852 0.0046875 0.009259259259259259
0 0.628125 0.7291666666666666 0.009375 0.01574074074074074
0 0.6234375 0.7046296296296296 0.010416666666666666 0.012962962962962963
0 0.64453125 0.7143518518518519 0.013020833333333334 0.026851851851851852
0 0.7390625 0.7972222222222223 0.004166666666666667 0.011111111111111112
0 0.6869791666666667 0.812962962962963 0.005208333333333333 0.012962962962962963
0 0.6653645833333334 0.8152777777777778 0.011979166666666667 0.023148148148148147
