0 0.244921875 0.39143518518518516 0.14244791666666667 0.13287037037037036
0 0.28658854166666664 0.6412037037037037 0.07578125 0.19722222222222222
0 0.10026041666666667 0.7615740740740741 0.19635416666666666 0.20925925925925926
0 0.49830729166666665 0.7377314814814815 0.07005208333333333 0.09583333333333334
0 0.45013020833333334 0.6173611111111111 0.12213541666666666 0.11064814814814815
0 0.484765625 0.4699074074074074 0.11171875 0.1111111111111111
0 0.5424479166666667 0.4425925925925926 0.033854166666666664 0.1037037037037037
0 0.6065104166666667 0.44537037037037036 0.12135416666666667 0.10740740740740741
0 0.6471354166666666 0.5650462962962963 0.11354166666666667 0.11712962962962963
0 0.5666666666666667 0.6032407407407407 0.259375 0.5
0 0.74453125 0.39328703703703705 0.14947916666666666 0.13194444444444445
0 0.80859375 0.6159722222222223 0.19166666666666668 0.1476851851851852
0 0.930078125 0.6418981481481482 0.13984375 0.18009259259259258
0 0.8083333333333333 0.08657407407407407 0.10520833333333333 0.1398148148148148
0 0.8486979166666667 0.9055555555555556 0.07447916666666667 0.09259259259259259
