0 0.7069010416666667 0.9863425925925926 0.019010416666666665 0.027314814814814816
0 0.9057291666666667 0.9909722222222223 0.03229166666666667 0.018055555555555554
0 0.7729166666666667 0.43819444444444444 0.013541666666666667 0.020833333333333332
0 0.8328125 0.43194444444444446 0.014583333333333334 0.014814814814814815
0 0.8333333333333334 0.5171296296296296 0.015104166666666667 0.019444444444444445
0 0.8807291666666667 0.34120370370370373 0.015104166666666667 0.020370370370370372
0 0.91953125 0.3800925925925926 0.011979166666666667 0.014814814814814815
0 0.9251302083333334 0.3541666666666667 0.012760416666666666 0.020370370370370372
0 0.9712239583333333 0.29583333333333334 0.012760416666666666 0.020370370370370372
0 0.878125 0.2136574074074074 0.065625 0.0875
0 0.8436197916666667 0.09953703703703703 0.09505208333333333 0.06481481481481481
0 0.9046875 0.10601851851851851 0.005208333333333333 0.013888888888888888
0 0.91171875 0.10740740740740741 0.0036458333333333334 0.005555555555555556
0 0.9268229166666667 0.20092592592592592 0.0140625 0.025925925925925925
0 0.5434895833333333 0.6810185185185185 0.05677083333333333 0.0824074074074074
0 0.9520833333333333 0.49722222222222223 0.014583333333333334 0.024074074074074074
