0 0.11302083333333333 0.3226851851851852 0.023958333333333335 0.032407407407407406
0 0.182421875 0.3300925925925926 0.023177083333333334 0.024074074074074074
0 0.209765625 0.34814814814814815 0.019010416666666665 0.024074074074074074
0 0.26471354166666666 0.3125 0.014322916666666666 0.03611111111111111
0 0.284375 0.40300925925925923 0.029166666666666667 0.03564814814814815
0 0.252734375 0.3988425925925926 0.02265625 0.024537037037037038
0 0.36171875 0.3178240740740741 0.015625 0.0375
0 0.18997395833333333 0.44004629629629627 0.02890625 0.031018518518518518
0 0.225 0.4689814814814815 0.0171875 0.024074074074074074
0 0.26861979166666666 0.48125 0.032552083333333336 0.024537037037037038
0 0.20104166666666667 0.4842592592592593 0.019791666666666666 0.03148148148148148
0 0.14440104166666667 0.4321759259259259 0.01640625 0.024537037037037038
0 0.13255208333333332 0.40717592592592594 0.018229166666666668 0.02638888888888889
0 0.11158854166666667 0.3784722222222222 0.01640625 0.03009259259259259
0 0.0067708333333333336 0.4321759259259259 0.013541666666666667 0.031018518518518518
0 0.3162760416666667 0.4009259259259259 0.015364583333333333 0.03796296296296296
0 0.3483072916666667 0.38773148148148145 0.015364583333333333 0.02546296296296296
0 0.3377604166666667 0.4233796296296296 0.013541666666666667 0.033796296296296297
0 0.35234375 0.4217592592592593 0.016145833333333335 0.017592592592592594
0 0.41380208333333335 0.3333333333333333 0.0203125 0.018518518518518517
0 0.41549479166666664 0.34791666666666665 0.00859375 0.01898148148148148
0 0.427734375 0.3449074074074074 0.009635416666666667 0.025925925925925925
0 0.456640625 0.31828703703703703 0.017447916666666667 0.02546296296296296
0 0.4822916666666667 0.24675925925925926 0.008333333333333333 0.017592592592592594
0 0.503125 0.29814814814814816 0.008854166666666666 0.019444444444444445
0 0.4856770833333333 0.32222222222222224 0.009375 0.028703703703703703
0 0.49713541666666666 0.35324074074074074 0.013020833333333334 0.037037037037037035
0 0.55625 0.2724537037037037 0.017708333333333333 0.02638888888888889
0 0.5514322916666666 0.3488425925925926 0.017447916666666667 0.029166666666666667
0 0.5380208333333333 0.4842592592592593 0.013541666666666667 0.03333333333333333
0 0.515625 0.49074074074074076 0.0125 0.02962962962962963
0 0.5063802083333333 0.4710648148148148 0.011197916666666667 0.02361111111111111
0 0.48463541666666665 0.37546296296296294 0.033854166666666664 0.058333333333333334
0 0.49192708333333335 0.43194444444444446 0.04739583333333333 0.04722222222222222
0 0.4401041666666667 0.45416666666666666 0.021875 0.027777777777777776
0 0.4095052083333333 0.41597222222222224 0.020052083333333335 0.03009259259259259
0 0.3619791666666667 0.45208333333333334 0.017708333333333333 0.02546296296296296
0 0.34075520833333334 0.44837962962962963 0.021614583333333333 0.02546296296296296
0 0.3796875 0.42824074074074076 0.015104166666666667 0.025
0 0.39036458333333335 0.3875 0.015104166666666667 0.023148148148148147
0 0.4356770833333333 0.36666666666666664 0.0125 0.021296296296296296
0 0.38033854166666664 0.46944444444444444 0.029427083333333333 0.021296296296296296
0 0.3966145833333333 0.49583333333333335 0.01875 0.022222222222222223
0 0.4473958333333333 0.5472222222222223 0.035416666666666666 0.05462962962962963
0 0.4669270833333333 0.5884259259259259 0.022916666666666665 0.028703703703703703
0 0.3921875 0.5608796296296297 0.021354166666666667 0.033796296296296297
0 0.3416666666666667 0.5344907407407408 0.04791666666666667 0.04212962962962963
0 0.3572916666666667 0.5166666666666667 0.030208333333333334 0.03148148148148148
0 0.242578125 0.5458333333333333 0.018489583333333334 0.037037037037037035
0 0.201953125 0.5208333333333334 0.013802083333333333 0.025
0 0.27265625 0.5087962962962963 0.01875 0.022222222222222223
0 0.2884114583333333 0.5372685185185185 0.015364583333333333 0.022685185185185187
0 0.05130208333333333 0.5388888888888889 0.034895833333333334 0.044444444444444446
0 0.21536458333333333 0.593287037037037 0.019791666666666666 0.01898148148148148
0 0.18919270833333332 0.5909722222222222 0.030989583333333334 0.03564814814814815
0 0.19427083333333334 0.6157407407407407 0.021354166666666667 0.021296296296296296
0 0.16510416666666666 0.6678240740740741 0.015625 0.02824074074074074
0 0.14973958333333334 0.6453703703703704 0.0171875 0.027777777777777776
0 0.09934895833333333 0.6493055555555556 0.021614583333333333 0.027314814814814816
0 0.05651041666666667 0.6722222222222223 0.016145833333333335 0.025925925925925925
0 0.03802083333333333 0.6504629629629629 0.03125 0.013888888888888888
0 0.24713541666666666 0.6483796296296296 0.019270833333333334 0.020833333333333332
0 0.31354166666666666 0.6155092592592593 0.0203125 0.02175925925925926
0 0.2635416666666667 0.5199074074074074 0.009375 0.023148148148148147
0 0.6045572916666667 0.6159722222222223 0.019010416666666665 0.029166666666666667
0 0.6170572916666667 0.6050925925925926 0.017447916666666667 0.022222222222222223
0 0.6440104166666667 0.5960648148148148 0.0140625 0.029166666666666667
0 0.6744791666666666 0.5590277777777778 0.025 0.02361111111111111
0 0.6260416666666667 0.530787037037037 0.0328125 0.04398148148148148
0 0.7368489583333333 0.5168981481481482 0.01953125 0.031018518518518518
0 0.7928385416666667 0.49722222222222223 0.013802083333333333 0.028703703703703703
0 0.7830729166666667 0.5377314814814815 0.019270833333333334 0.02546296296296296
0 0.58515625 0.31689814814814815 0.023958333333333335 0.02175925925925926
0 0.5666666666666667 0.3435185185185185 0.017708333333333333 0.025925925925925925
0 0.65 0.337037037037037 0.015625 0.028703703703703703
0 0.7934895833333333 0.3590277777777778 0.0140625 0.02175925925925926
0 0.769921875 0.3284722222222222 0.012239583333333333 0.02361111111111111
0 0.7138020833333333 0.3333333333333333 0.011979166666666667 0.021296296296296296
0 0.908984375 0.355787037037037 0.02109375 0.020833333333333332
0 0.8442708333333333 0.41712962962962963 0.011458333333333333 0.03148148148148148
0 0.019270833333333334 0.11157407407407408 0.027604166666666666 0.06018518518518518
0 0.7565104166666666 0.3402777777777778 0.0109375 0.025
0 0.7049479166666667 0.27546296296296297 0.0067708333333333336 0.019444444444444445
0 0.390625 0.4828703703703704 0.016666666666666666 0.021296296296296296
0 0.3528645833333333 0.6444444444444445 0.033854166666666664 0.027777777777777776
0 0.36171875 0.5013888888888889 0.0171875 0.019444444444444445
0 0.24973958333333332 0.5208333333333334 0.0140625 0.028703703703703703
0 0.31015625 0.44814814814814813 0.013020833333333334 0.024074074074074074
0 0.11432291666666666 0.5287037037037037 0.019270833333333334 0.025925925925925925
0 0.3104166666666667 0.4842592592592593 0.020833333333333332 0.02962962962962963
0 0.21796875 0.7208333333333333 0.019270833333333334 0.028703703703703703
0 0.2916666666666667 0.5625 0.014583333333333334 0.025
0 0.5885416666666666 0.4703703703703704 0.03229166666666667 0.03888888888888889
