0 0.682421875 0.6604166666666667 0.30494791666666665 0.36342592592592593
0 0.65 0.42662037037037037 0.3703125 0.5162037037037037
0 0.5505208333333333 0.3962962962962963 0.14479166666666668 0.44814814814814813
0 0.46979166666666666 0.5185185185185185 0.0625 0.26296296296296295
0 0.366796875 0.5 0.14348958333333334 0.3472222222222222
0 0.190234375 0.14074074074074075 0.13098958333333333 0.07314814814814814
0 0.27682291666666664 0.09583333333333334 0.15208333333333332 0.10462962962962963
0 0.36940104166666665 0.1673611111111111 0.06953125 0.04861111111111111
0 0.3734375 0.2196759259259259 0.09791666666666667 0.06527777777777778
0 0.35768229166666665 0.03888888888888889 0.10338541666666666 0.07407407407407407
0 0.4376302083333333 0.10439814814814814 0.10078125 0.055092592592592596
0 0.471875 0.1386574074074074 0.1078125 0.07361111111111111
0 0.5114583333333333 0.1997685185185185 0.11875 0.0699074074074074
0 0.5360677083333333 0.035416666666666666 0.11276041666666667 0.0699074074074074
0 0.61953125 0.03333333333333333 0.08854166666666667 0.06666666666666667
0 0.5859375 0.05416666666666667 0.084375 0.05648148148148148
0 0.6453125 0.10810185185185185 0.09114583333333333 0.06620370370370371
0 0.6171875 0.10138888888888889 0.11875 0.09166666666666666
0 0.5997395833333333 0.1587962962962963 0.10052083333333334 0.06111111111111111
0 0.628125 0.20439814814814813 0.084375 0.06805555555555555
0 0.6544270833333333 0.21296296296296297 0.04635416666666667 0.07777777777777778
0 0.6947916666666667 0.25787037037037036 0.06614583333333333 0.053703703703703705
0 0.7428385416666666 0.18356481481481482 0.08932291666666667 0.060648148148148145
0 0.8325520833333333 0.18611111111111112 0.08333333333333333 0.09444444444444444
0 0.8930989583333333 0.2162037037037037 0.06901041666666667 0.05277777777777778
0 0.91640625 0.27291666666666664 0.0796875 0.07083333333333333
0 0.9635416666666666 0.22037037037037038 0.07291666666666667 0.06851851851851852
0 0.965234375 0.13425925925925927 0.06953125 0.06481481481481481
0 0.9317708333333333 0.09467592592592593 0.058854166666666666 0.07546296296296297
0 0.828515625 0.11898148148148148 0.10026041666666667 0.10092592592592593
0 0.8842447916666667 0.04884259259259259 0.08463541666666667 0.0763888888888889
0 0.8276041666666667 0.030555555555555555 0.10104166666666667 0.05740740740740741
0 0.7361979166666667 0.023842592592592592 0.1015625 0.04490740740740741
0 0.9864583333333333 0.36666666666666664 0.027083333333333334 0.17777777777777778
0 0.76328125 0.2490740740740741 0.04739583333333333 0.03518518518518519
