0 0.15846354166666668 0.28680555555555554 0.03515625 0.029166666666666667
0 0.44505208333333335 0.3736111111111111 0.027604166666666666 0.03796296296296296
0 0.4625 0.3226851851851852 0.025 0.028703703703703703
0 0.4973958333333333 0.3680555555555556 0.027083333333333334 0.058333333333333334
0 0.5462239583333334 0.4085648148148148 0.02265625 0.0375
0 0.5536458333333333 0.3386574074074074 0.0578125 0.050462962962962966
0 0.9744791666666667 0.4236111111111111 0.051041666666666666 0.041666666666666664
0 0.5794270833333334 0.22962962962962963 0.021354166666666667 0.018518518518518517
0 0.6606770833333333 0.22824074074074074 0.016145833333333335 0.017592592592592594
0 0.8361979166666667 0.2212962962962963 0.022395833333333334 0.018518518518518517
