0 0.390234375 0.6618055555555555 0.17682291666666666 0.24861111111111112
0 0.41940104166666664 0.5604166666666667 0.05963541666666667 0.0625
0 0.7138020833333333 0.6523148148148148 0.0265625 0.07685185185185185
0 0.13984375 0.6351851851851852 0.05625 0.1527777777777778
0 0.13658854166666667 0.5944444444444444 0.01171875 0.01574074074074074
0 0.14947916666666666 0.5689814814814815 0.008333333333333333 0.010185185185185186
0 0.17526041666666667 0.5509259259259259 0.0067708333333333336 0.009259259259259259
0 0.18346354166666667 0.555787037037037 0.00859375 0.010648148148148148
0 0.17421875 0.5703703703703704 0.019270833333333334 0.05925925925925926
0 0.23111979166666666 0.544212962962963 0.015364583333333333 0.0125
0 0.24401041666666667 0.549074074074074 0.015625 0.012037037037037037
0 0.24361979166666667 0.5247685185185185 0.016927083333333332 0.016203703703703703
0 0.22369791666666666 0.5370370370370371 0.0067708333333333336 0.007407407407407408
0 0.21614583333333334 0.537962962962963 0.003125 0.009259259259259259
0 0.087890625 0.5708333333333333 0.013802083333333333 0.013888888888888888
0 0.11171875 0.5328703703703703 0.013541666666666667 0.012962962962962963
0 0.1078125 0.5233796296296296 0.011458333333333333 0.013425925925925926
0 0.10494791666666667 0.5032407407407408 0.011458333333333333 0.011111111111111112
0 0.09505208333333333 0.4983796296296296 0.013541666666666667 0.014351851851851852
0 0.040234375 0.5261574074074075 0.014322916666666666 0.010648148148148148
0 0.056380208333333334 0.4979166666666667 0.01640625 0.01712962962962963
0 0.46953125 0.44212962962962965 0.0109375 0.021296296296296296
0 0.5190104166666667 0.4652777777777778 0.0067708333333333336 0.008333333333333333
0 0.5283854166666667 0.4615740740740741 0.0109375 0.010185185185185186
0 0.5239583333333333 0.44074074074074077 0.007291666666666667 0.009259259259259259
0 0.58671875 0.5351851851851852 0.018229166666666668 0.014814814814814815
0 0.60703125 0.562962962962963 0.008854166666666666 0.024074074074074074
0 0.61875 0.5606481481481481 0.0125 0.017592592592592594
0 0.5739583333333333 0.48935185185185187 0.008333333333333333 0.017592592592592594
0 0.5265625 0.48703703703703705 0.009375 0.012962962962962963
0 0.48333333333333334 0.44166666666666665 0.005208333333333333 0.009259259259259259
0 0.3984375 0.4287037037037037 0.011458333333333333 0.014814814814814815
0 0.39700520833333336 0.49375 0.015364583333333333 0.020833333333333332
0 0.409765625 0.40069444444444446 0.01171875 0.01990740740740741
0 0.32122395833333334 0.4303240740740741 0.020052083333333335 0.013425925925925926
0 0.3138020833333333 0.4076388888888889 0.011979166666666667 0.013425925925925926
0 0.2747395833333333 0.4636574074074074 0.013020833333333334 0.01990740740740741
0 0.22721354166666666 0.5083333333333333 0.017447916666666667 0.012962962962962963
0 0.24166666666666667 0.49907407407407406 0.00625 0.011111111111111112
0 0.24921875 0.4648148148148148 0.013020833333333334 0.022222222222222223
0 0.26263020833333334 0.38796296296296295 0.014322916666666666 0.01574074074074074
0 0.21705729166666668 0.4238425925925926 0.019010416666666665 0.0125
0 0.21458333333333332 0.46967592592592594 0.015104166666666667 0.020833333333333332
0 0.19752604166666668 0.49398148148148147 0.00859375 0.012962962962962963
0 0.16692708333333334 0.5078703703703704 0.009375 0.012037037037037037
0 0.17291666666666666 0.4546296296296296 0.015104166666666667 0.016666666666666666
0 0.18098958333333334 0.4125 0.04375 0.046296296296296294
0 0.204296875 0.35324074074074074 0.018489583333333334 0.019444444444444445
0 0.115625 0.48148148148148145 0.015104166666666667 0.013888888888888888
0 0.14036458333333332 0.4888888888888889 0.009895833333333333 0.012037037037037037
0 0.10221354166666667 0.3997685185185185 0.016927083333333332 0.01898148148148148
0 0.12005208333333334 0.4173611111111111 0.018229166666666668 0.024537037037037038
0 0.09153645833333333 0.4844907407407407 0.00859375 0.015277777777777777
0 0.12408854166666666 0.27708333333333335 0.02578125 0.02175925925925926
0 0.19713541666666667 0.27708333333333335 0.01875 0.024537037037037038
0 0.05611979166666667 0.34652777777777777 0.022135416666666668 0.02175925925925926
0 0.022786458333333332 0.39189814814814816 0.031510416666666666 0.020833333333333332
0 0.12760416666666666 0.47337962962962965 0.021875 0.010648148148148148
0 0.14322916666666666 0.5083333333333333 0.0125 0.012962962962962963
0 0.18723958333333332 0.38587962962962963 0.0109375 0.020833333333333332
0 0.74609375 0.5564814814814815 0.12135416666666667 0.07962962962962963
0 0.03671875 0.45787037037037037 0.07135416666666666 0.04722222222222222
