0 0.237109375 0.3210648148148148 0.019010416666666665 0.02361111111111111
0 0.11458333333333333 0.27546296296296297 0.017708333333333333 0.021296296296296296
0 0.09739583333333333 0.32592592592592595 0.01875 0.02962962962962963
0 0.050390625 0.013657407407407408 0.02421875 0.027314814814814816
0 0.192578125 0.02662037037037037 0.05026041666666667 0.04675925925925926
0 0.32135416666666666 0.26851851851851855 0.06822916666666666 0.0712962962962963
0 0.2578125 0.39166666666666666 0.029166666666666667 0.07962962962962963
0 0.2125 0.39305555555555555 0.034375 0.03981481481481482
0 0.029166666666666667 0.40532407407407406 0.022395833333333334 0.022685185185185187
0 0.3888020833333333 0.7085648148148148 0.05416666666666667 0.08009259259259259
0 0.42994791666666665 0.5361111111111111 0.053125 0.08425925925925926
0 0.4440104166666667 0.30162037037037037 0.021354166666666667 0.01898148148148148
0 0.4680989583333333 0.30162037037037037 0.01328125 0.01712962962962963
0 0.5079427083333333 0.2851851851851852 0.01640625 0.025
0 0.5364583333333334 0.31319444444444444 0.014583333333333334 0.02361111111111111
0 0.5872395833333334 0.34699074074074077 0.0109375 0.020833333333333332
0 0.5899739583333333 0.32199074074074074 0.02265625 0.02546296296296296
0 0.6259114583333333 0.31296296296296294 0.01796875 0.022222222222222223
0 0.5942708333333333 0.2900462962962963 0.009895833333333333 0.016203703703703703
0 0.6102864583333333 0.2865740740740741 0.008072916666666667 0.017592592592592594
0 0.6625 0.4527777777777778 0.09583333333333334 0.08888888888888889
0 0.7598958333333333 0.325 0.022916666666666665 0.04259259259259259
0 0.37278645833333335 0.07615740740740741 0.20078125 0.14305555555555555
0 0.4141927083333333 0.21875 0.01328125 0.01712962962962963
0 0.4640625 0.3384259259259259 0.015625 0.022222222222222223
0 0.61171875 0.21666666666666667 0.019791666666666666 0.017592592592592594
0 0.6513020833333333 0.23935185185185184 0.008854166666666666 0.019444444444444445
0 0.6373697916666666 0.22824074074074074 0.011197916666666667 0.018518518518518517
0 0.6375 0.19467592592592592 0.0109375 0.018055555555555554
0 0.7049479166666667 0.1736111111111111 0.016666666666666666 0.017592592592592594
0 0.7384114583333333 0.21712962962962962 0.01015625 0.01574074074074074
0 0.768359375 0.15763888888888888 0.011197916666666667 0.016203703703703703
0 0.7819010416666666 0.17291666666666666 0.012760416666666666 0.01990740740740741
0 0.7723958333333333 0.2111111111111111 0.007291666666666667 0.020370370370370372
0 0.80078125 0.21041666666666667 0.025520833333333333 0.022685185185185187
0 0.84296875 0.2324074074074074 0.0109375 0.016666666666666666
0 0.8609375 0.20972222222222223 0.01875 0.01574074074074074
0 0.8421875 0.2127314814814815 0.019270833333333334 0.01898148148148148
0 0.7111979166666667 0.26851851851851855 0.0078125 0.017592592592592594
0 0.6944010416666667 0.24953703703703703 0.010677083333333334 0.021296296296296296
0 0.6919270833333333 0.30092592592592593 0.017708333333333333 0.021296296296296296
0 0.7049479166666667 0.3125 0.013020833333333334 0.013888888888888888
0 0.88984375 0.1685185185185185 0.009895833333333333 0.012962962962962963
0 0.8998697916666667 0.23680555555555555 0.020572916666666666 0.03194444444444444
0 0.8877604166666667 0.2449074074074074 0.0140625 0.03981481481481482
0 0.9911458333333333 0.19814814814814816 0.017708333333333333 0.020370370370370372
0 0.0265625 0.65625 0.022916666666666665 0.02175925925925926
0 0.035807291666666664 0.6134259259259259 0.026822916666666665 0.027777777777777776
0 0.20234375 0.5796296296296296 0.011979166666666667 0.016666666666666666
0 0.13567708333333334 0.5631944444444444 0.022395833333333334 0.03009259259259259
0 0.07994791666666666 0.5861111111111111 0.0296875 0.027777777777777776
0 0.36822916666666666 0.5680555555555555 0.015625 0.020370370370370372
0 0.384765625 0.5819444444444445 0.016927083333333332 0.017592592592592594
0 0.48802083333333335 0.5395833333333333 0.015625 0.01712962962962963
0 0.5377604166666666 0.5462962962962963 0.011979166666666667 0.022222222222222223
0 0.47578125 0.41712962962962963 0.024479166666666666 0.04351851851851852
0 0.5283854166666667 0.4074074074074074 0.013020833333333334 0.012962962962962963
0 0.5078125 0.3872685185185185 0.050520833333333334 0.052314814814814814
0 0.4625 0.575 0.008333333333333333 0.011111111111111112
0 0.4861979166666667 0.5733796296296296 0.0140625 0.016203703703703703
0 0.46848958333333335 0.5532407407407407 0.013020833333333334 0.023148148148148147
0 0.56796875 0.4652777777777778 0.018229166666666668 0.026851851851851852
0 0.6119791666666666 0.4046296296296296 0.00625 0.018518518518518517
0 0.581640625 0.37037037037037035 0.010677083333333334 0.020370370370370372
0 0.57265625 0.4888888888888889 0.0171875 0.016666666666666666
0 0.6201822916666667 0.5377314814814815 0.01328125 0.01990740740740741
0 0.6294270833333333 0.3921296296296296 0.0078125 0.019444444444444445
0 0.6432291666666666 0.3837962962962963 0.008333333333333333 0.023148148148148147
0 0.6630208333333333 0.39814814814814814 0.00625 0.012962962962962963
0 0.6901041666666666 0.36527777777777776 0.010416666666666666 0.017592592592592594
0 0.7072916666666667 0.37453703703703706 0.016145833333333335 0.025
0 0.780078125 0.40694444444444444 0.01796875 0.021296296296296296
0 0.8114583333333333 0.39444444444444443 0.028645833333333332 0.024074074074074074
0 0.8259114583333333 0.42569444444444443 0.024739583333333332 0.02546296296296296
0 0.62421875 0.5814814814814815 0.009895833333333333 0.018518518518518517
0 0.6740885416666667 0.537962962962963 0.012239583333333333 0.024074074074074074
0 0.6658854166666667 0.51875 0.0203125 0.02361111111111111
0 0.6864583333333333 0.5069444444444444 0.0171875 0.024074074074074074
0 0.7268229166666667 0.4914351851851852 0.014583333333333334 0.022685185185185187
0 0.730078125 0.44675925925925924 0.021614583333333333 0.025
0 0.7390625 0.4703703703703704 0.0203125 0.024074074074074074
0 0.744921875 0.48680555555555555 0.015885416666666666 0.02361111111111111
0 0.7518229166666667 0.537962962962963 0.013020833333333334 0.024074074074074074
0 0.7282552083333333 0.5462962962962963 0.01328125 0.025
0 0.7821614583333333 0.4585648148148148 0.021614583333333333 0.02546296296296296
0 0.71328125 0.3925925925925926 0.013020833333333334 0.014814814814814815
0 0.7291666666666666 0.38981481481481484 0.010416666666666666 0.020370370370370372
0 0.7416666666666667 0.41435185185185186 0.008333333333333333 0.019444444444444445
0 0.6908854166666667 0.3333333333333333 0.0046875 0.012962962962962963
0 0.8377604166666667 0.47939814814814813 0.016145833333333335 0.01990740740740741
0 0.5888020833333333 0.5428240740740741 0.057291666666666664 0.12916666666666668
0 0.6645833333333333 0.3627314814814815 0.040625 0.16712962962962963
0 0.8372395833333334 0.49027777777777776 0.0203125 0.017592592592592594
0 0.8640625 0.35462962962962963 0.008333333333333333 0.012962962962962963
0 0.8553385416666667 0.36226851851851855 0.01171875 0.01990740740740741
0 0.8955729166666667 0.425 0.0203125 0.020370370370370372
0 0.927734375 0.4097222222222222 0.024739583333333332 0.032407407407407406
0 0.9475260416666667 0.4486111111111111 0.016927083333333332 0.026851851851851852
0 0.964453125 0.37453703703703706 0.01796875 0.02962962962962963
0 0.9852864583333333 0.331712962962963 0.017447916666666667 0.02546296296296296
0 0.9380208333333333 0.21064814814814814 0.016666666666666666 0.019444444444444445
0 0.3963541666666667 0.3277777777777778 0.014583333333333334 0.022222222222222223
0 0.7927083333333333 0.20555555555555555 0.0125 0.018518518518518517
0 0.45729166666666665 0.5851851851851851 0.013541666666666667 0.024074074074074074
0 0.8921875 0.17407407407407408 0.020833333333333332 0.040740740740740744
0 0.7716145833333333 0.2152777777777778 0.022395833333333334 0.041666666666666664
0 0.9216145833333333 0.3912037037037037 0.013020833333333334 0.023148148148148147
