0 0.79453125 0.5824074074074074 0.0328125 0.04259259259259259
0 0.3263020833333333 0.46435185185185185 0.016145833333333335 0.03425925925925926
0 0.21067708333333332 0.4722222222222222 0.021354166666666667 0.024074074074074074
0 0.365625 0.6222222222222222 0.015625 0.02962962962962963
0 0.37890625 0.5416666666666666 0.016145833333333335 0.024074074074074074
0 0.34088541666666666 0.5268518518518519 0.0109375 0.027777777777777776
0 0.39401041666666664 0.48518518518518516 0.013020833333333334 0.018518518518518517
0 0.4979166666666667 0.3787037037037037 0.014583333333333334 0.014814814814814815
0 0.57265625 0.5291666666666667 0.0078125 0.023148148148148147
0 0.6981770833333333 0.4412037037037037 0.0171875 0.013888888888888888
0 0.6697916666666667 0.5851851851851851 0.014583333333333334 0.012962962962962963
0 0.4671875 0.6314814814814815 0.020833333333333332 0.02962962962962963
0 0.49921875 0.5333333333333333 0.013020833333333334 0.014814814814814815
0 0.26145833333333335 0.612037037037037 0.019791666666666666 0.024074074074074074
0 0.21979166666666666 0.6912037037037037 0.014583333333333334 0.017592592592592594
0 0.19947916666666668 0.6407407407407407 0.014583333333333334 0.018518518518518517
0 0.19609375 0.5587962962962963 0.0109375 0.021296296296296296
0 0.28828125 0.6731481481481482 0.016145833333333335 0.02962962962962963
0 0.1984375 0.7944444444444444 0.01875 0.024074074074074074
0 0.21901041666666668 0.7837962962962963 0.0203125 0.023148148148148147
0 0.23125 0.7625 0.009375 0.025
0 0.309375 0.7606481481481482 0.017708333333333333 0.026851851851851852
0 0.32005208333333335 0.7407407407407407 0.016145833333333335 0.02962962962962963
0 0.29713541666666665 0.8689814814814815 0.0203125 0.019444444444444445
0 0.3453125 0.8574074074074074 0.023958333333333335 0.03518518518518519
0 0.3888020833333333 0.8782407407407408 0.015104166666666667 0.030555555555555555
0 0.44635416666666666 0.8634259259259259 0.015625 0.032407407407407406
0 0.5510416666666667 0.8467592592592592 0.015625 0.030555555555555555
0 0.61953125 0.7814814814814814 0.021354166666666667 0.027777777777777776
0 0.5924479166666666 0.7615740740740741 0.0171875 0.028703703703703703
0 0.59296875 0.43842592592592594 0.009895833333333333 0.028703703703703703
0 0.03854166666666667 0.7314814814814815 0.020833333333333332 0.024074074074074074
0 0.090625 0.7342592592592593 0.019791666666666666 0.027777777777777776
0 0.09713541666666667 0.7148148148148148 0.016145833333333335 0.027777777777777776
0 0.109375 0.6949074074074074 0.0125 0.021296296296296296
0 0.07291666666666667 0.625462962962963 0.016666666666666666 0.030555555555555555
0 0.06770833333333333 0.5921296296296297 0.014583333333333334 0.023148148148148147
0 0.09635416666666667 0.5796296296296296 0.014583333333333334 0.027777777777777776
0 0.15598958333333332 0.6078703703703704 0.0171875 0.021296296296296296
0 0.16536458333333334 0.5657407407407408 0.018229166666666668 0.025925925925925925
0 0.027604166666666666 0.65 0.01875 0.025925925925925925
0 0.044270833333333336 0.6449074074074074 0.017708333333333333 0.028703703703703703
0 0.3263020833333333 0.9657407407407408 0.019270833333333334 0.022222222222222223
0 0.3111979166666667 0.9541666666666667 0.018229166666666668 0.025
0 0.5885416666666666 0.6935185185185185 0.009375 0.014814814814814815
0 0.5736979166666667 0.7111111111111111 0.009895833333333333 0.018518518518518517
0 0.9463541666666667 0.6305555555555555 0.013020833333333334 0.016666666666666666
0 0.6278645833333333 0.5055555555555555 0.0109375 0.020370370370370372
0 0.6625 0.5032407407407408 0.010416666666666666 0.017592592592592594
0 0.6979166666666666 0.5162037037037037 0.0125 0.017592592592592594
0 0.6796875 0.5324074074074074 0.009375 0.020370370370370372
0 0.74375 0.5731481481481482 0.010416666666666666 0.016666666666666666
0 0.7278645833333334 0.5976851851851852 0.009895833333333333 0.019444444444444445
0 0.76796875 0.5453703703703704 0.009895833333333333 0.020370370370370372
0 0.8497395833333333 0.6064814814814815 0.0296875 0.06666666666666667
0 0.86328125 0.425462962962963 0.015104166666666667 0.03981481481481482
