0 0.43502604166666664 0.5543981481481481 0.07057291666666667 0.06527777777777778
0 0.6102864583333333 0.6678240740740741 0.05286458333333333 0.16620370370370371
0 0.420703125 0.7310185185185185 0.12057291666666667 0.18796296296296297
0 0.16080729166666666 0.4310185185185185 0.09661458333333334 0.09259259259259259
0 0.17942708333333332 0.49375 0.10260416666666666 0.06805555555555555
0 0.7388020833333333 0.7020833333333333 0.08385416666666666 0.15416666666666667
0 0.798828125 0.6821759259259259 0.054427083333333334 0.11805555555555555
0 0.8688802083333333 0.6203703703703703 0.08984375 0.09259259259259259
0 0.7994791666666666 0.7523148148148148 0.07083333333333333 0.06759259259259259
0 0.7559895833333333 0.8180555555555555 0.18645833333333334 0.11203703703703703
0 0.7809895833333333 0.8743055555555556 0.1609375 0.2162037037037037
0 0.21302083333333333 0.18773148148148147 0.0515625 0.033796296296296297
0 0.45390625 0.3060185185185185 0.03802083333333333 0.03425925925925926
0 0.21380208333333334 0.3592592592592593 0.0578125 0.027777777777777776
0 0.35260416666666666 0.38425925925925924 0.0484375 0.024074074074074074
0 0.321875 0.28564814814814815 0.030208333333333334 0.025
0 0.050520833333333334 0.2986111111111111 0.06458333333333334 0.05648148148148148
0 0.11028645833333334 0.20439814814814813 0.055989583333333336 0.03194444444444444
0 0.113671875 0.10347222222222222 0.05078125 0.03935185185185185
0 0.05078125 0.062037037037037036 0.04010416666666667 0.03148148148148148
0 0.04296875 0.10185185185185185 0.07760416666666667 0.020370370370370372
0 0.041666666666666664 0.12175925925925926 0.046875 0.023148148148148147
0 0.15989583333333332 0.12962962962962962 0.06354166666666666 0.04814814814814815
0 0.21354166666666666 0.13935185185185187 0.05 0.03981481481481482
0 0.05677083333333333 0.16898148148148148 0.06979166666666667 0.03611111111111111
0 0.027864583333333335 0.2263888888888889 0.04739583333333333 0.032407407407407406
0 0.109375 0.24212962962962964 0.07083333333333333 0.03611111111111111
0 0.21875 0.2351851851851852 0.04791666666666667 0.03333333333333333
0 0.13463541666666667 0.35138888888888886 0.04635416666666667 0.019444444444444445
0 0.09401041666666667 0.3199074074074074 0.033854166666666664 0.01574074074074074
0 0.12473958333333333 0.3194444444444444 0.03802083333333333 0.025925925925925925
0 0.24583333333333332 0.300462962962963 0.042708333333333334 0.028703703703703703
0 0.25677083333333334 0.274537037037037 0.03854166666666667 0.026851851851851852
0 0.7236979166666667 0.7865740740740741 0.1078125 0.11574074074074074
0 0.48515625 0.5361111111111111 0.033854166666666664 0.04259259259259259
0 0.5963541666666666 0.4722222222222222 0.021875 0.024074074074074074
0 0.60390625 0.5138888888888888 0.019270833333333334 0.02962962962962963
0 0.7270833333333333 0.44027777777777777 0.021875 0.025
0 0.30364583333333334 0.4898148148148148 0.025 0.03518518518518519
