0 0.31171875 0.2824074074074074 0.0703125 0.09074074074074075
0 0.441796875 0.22523148148148148 0.14973958333333334 0.1476851851851852
0 0.464453125 0.17199074074074075 0.019010416666666665 0.06898148148148148
0 0.48020833333333335 0.1150462962962963 0.071875 0.0763888888888889
0 0.50859375 0.09722222222222222 0.015104166666666667 0.05925925925925926
0 0.5381510416666667 0.07430555555555556 0.04765625 0.034722222222222224
0 0.3787760416666667 0.08171296296296296 0.048177083333333336 0.03657407407407407
0 0.34934895833333335 0.1486111111111111 0.11588541666666667 0.062037037037037036
0 0.28997395833333334 0.09259259259259259 0.023177083333333334 0.07685185185185185
0 0.10989583333333333 0.14814814814814814 0.027083333333333334 0.053703703703703705
0 0.10690104166666667 0.06666666666666667 0.05546875 0.0712962962962963
0 0.11744791666666667 0.20578703703703705 0.1484375 0.11435185185185186
0 0.39895833333333336 0.4650462962962963 0.0609375 0.11342592592592593
0 0.40703125 0.5918981481481481 0.15625 0.1597222222222222
0 0.030598958333333332 0.1310185185185185 0.05963541666666667 0.062037037037037036
0 0.015755208333333333 0.04722222222222222 0.03046875 0.05
0 0.030598958333333332 0.016666666666666666 0.045572916666666664 0.03333333333333333
0 0.7045572916666667 0.2127314814814815 0.020052083333333335 0.04675925925925926
0 0.7227864583333333 0.22662037037037036 0.01953125 0.038425925925925926
0 0.7015625 0.12638888888888888 0.14947916666666666 0.11481481481481481
0 0.8432291666666667 0.14467592592592593 0.090625 0.06620370370370371
0 0.9036458333333334 0.12916666666666668 0.026041666666666668 0.03611111111111111
0 0.9102864583333333 0.1738425925925926 0.01953125 0.03009259259259259
0 0.9458333333333333 0.15601851851851853 0.015625 0.05462962962962963
0 0.848046875 0.19189814814814815 0.01484375 0.01990740740740741
0 0.8309895833333333 0.22962962962962963 0.009895833333333333 0.020370370370370372
0 0.7609375 0.21597222222222223 0.015625 0.02546296296296296
0 0.7904947916666667 0.09583333333333334 0.016927083333333332 0.03981481481481482
0 0.973828125 0.18541666666666667 0.05026041666666667 0.08842592592592592
0 0.6372395833333333 0.08564814814814815 0.0140625 0.026851851851851852
0 0.8083333333333333 0.10092592592592593 0.023958333333333335 0.03333333333333333
