0 0.5638020833333334 0.08449074074074074 0.25364583333333335 0.16898148148148148
0 0.7227864583333333 0.1912037037037037 0.09088541666666666 0.07685185185185185
0 0.824609375 0.20949074074074073 0.09244791666666667 0.06527777777777778
0 0.687109375 0.40300925925925923 0.13463541666666667 0.07916666666666666
0 0.8333333333333334 0.2863425925925926 0.08125 0.09490740740740741
0 0.6516927083333334 0.36018518518518516 0.30494791666666665 0.23796296296296296
0 0.8502604166666666 0.4840277777777778 0.2859375 0.17731481481481481
0 0.270703125 0.8634259259259259 0.26223958333333336 0.22037037037037038
0 0.11263020833333333 0.7858796296296297 0.12265625 0.1875
0 0.1375 0.5895833333333333 0.178125 0.22361111111111112
0 0.30364583333333334 0.5094907407407407 0.11875 0.09305555555555556
0 0.4264322916666667 0.5069444444444444 0.16640625 0.1287037037037037
0 0.215625 0.6090277777777777 0.31145833333333334 0.2791666666666667
0 0.06888020833333333 0.4148148148148148 0.13619791666666667 0.24166666666666667
0 0.299609375 0.33101851851851855 0.26484375 0.17777777777777778
