0 0.2625 0.30486111111111114 0.275 0.300462962962963
0 0.6819010416666667 0.35138888888888886 0.04244791666666667 0.05185185185185185
0 0.669921875 0.4622685185185185 0.055989583333333336 0.04861111111111111
0 0.7169270833333333 0.40949074074074077 0.036458333333333336 0.04398148148148148
0 0.56875 0.5805555555555556 0.19791666666666666 0.12685185185185185
0 0.6158854166666666 0.6145833333333334 0.18333333333333332 0.1625
0 0.5861979166666667 0.6416666666666667 0.29739583333333336 0.22407407407407406
0 0.658984375 0.7520833333333333 0.09765625 0.1486111111111111
0 0.7805989583333334 0.7335648148148148 0.16276041666666666 0.17453703703703705
0 0.6239583333333333 0.8914351851851852 0.13854166666666667 0.21712962962962962
0 0.83515625 0.5953703703703703 0.3296875 0.3351851851851852
0 0.894921875 0.7303240740740741 0.21015625 0.29305555555555557
0 0.4890625 0.6916666666666667 0.12395833333333334 0.11481481481481481
