0 0.09466145833333334 0.050462962962962966 0.07630208333333334 0.09907407407407408
0 0.294140625 0.07662037037037037 0.03567708333333333 0.11712962962962963
0 0.453125 0.31319444444444444 0.10416666666666667 0.07824074074074074
0 0.5125 0.4597222222222222 0.023958333333333335 0.058333333333333334
0 0.6096354166666667 0.37453703703703706 0.08229166666666667 0.08518518518518518
0 0.6154947916666667 0.274537037037037 0.062239583333333334 0.08611111111111111
0 0.6203125 0.6986111111111111 0.10416666666666667 0.16944444444444445
0 0.7739583333333333 0.29791666666666666 0.03229166666666667 0.0837962962962963
0 0.9018229166666667 0.28587962962962965 0.023958333333333335 0.10138888888888889
0 0.7247395833333333 0.3296296296296296 0.0328125 0.06481481481481481
0 0.8135416666666667 0.33287037037037037 0.09270833333333334 0.08796296296296297
