0 0.8567708333333334 0.8194444444444444 0.21145833333333333 0.2462962962962963
0 0.669921875 0.5972222222222222 0.23515625 0.2574074074074074
0 0.6174479166666667 0.7018518518518518 0.26197916666666665 0.26666666666666666
0 0.3729166666666667 0.8384259259259259 0.2791666666666667 0.32314814814814813
0 0.038411458333333336 0.7784722222222222 0.05911458333333333 0.2967592592592593
0 0.22356770833333334 0.637962962962963 0.20130208333333333 0.13148148148148148
0 0.07838541666666667 0.537962962962963 0.13177083333333334 0.14907407407407408
0 0.11380208333333333 0.4356481481481482 0.09322916666666667 0.21944444444444444
0 0.15182291666666667 0.3402777777777778 0.1140625 0.21944444444444444
0 0.23502604166666666 0.24351851851851852 0.16953125 0.1574074074074074
0 0.412890625 0.6057870370370371 0.09036458333333333 0.22916666666666666
0 0.46627604166666664 0.5432870370370371 0.09348958333333333 0.18287037037037038
0 0.504296875 0.4976851851851852 0.06640625 0.2361111111111111
0 0.5970052083333334 0.15231481481481482 0.13307291666666668 0.12962962962962962
0 0.7744791666666667 0.12962962962962962 0.22916666666666666 0.19537037037037036
0 0.8248697916666666 0.2599537037037037 0.04973958333333333 0.03935185185185185
0 0.8854166666666666 0.28055555555555556 0.04010416666666667 0.05462962962962963
0 0.9623697916666667 0.3175925925925926 0.07421875 0.1574074074074074
0 0.9177083333333333 0.4449074074074074 0.15520833333333334 0.13796296296296295
0 0.795703125 0.3685185185185185 0.21015625 0.2101851851851852
0 0.6330729166666667 0.3164351851851852 0.06770833333333333 0.0625
0 0.7033854166666667 0.22962962962962963 0.1015625 0.06111111111111111
0 0.36953125 0.1935185185185185 0.03802083333333333 0.10555555555555556
0 0.393359375 0.3990740740740741 0.3736979166666667 0.43703703703703706
0 0.9669270833333333 0.2462962962962963 0.06614583333333333 0.14444444444444443
0 0.7625 0.18888888888888888 0.20989583333333334 0.11851851851851852
0 0.684375 0.09305555555555556 0.05 0.04722222222222222
0 0.8109375 0.1412037037037037 0.1875 0.14351851851851852
0 0.890625 0.7074074074074074 0.215625 0.2388888888888889
0 0.8627604166666667 0.524074074074074 0.18802083333333333 0.1111111111111111
0 0.70703125 0.9388888888888889 0.4703125 0.12222222222222222
