0 0.9265625 0.7837962962962963 0.146875 0.19537037037037036
0 0.7520833333333333 0.5111111111111111 0.15208333333333332 0.13703703703703704
0 0.73984375 0.9256944444444445 0.20052083333333334 0.1486111111111111
0 0.9825520833333333 0.9541666666666667 0.034895833333333334 0.09166666666666666
0 0.6778645833333333 0.7791666666666667 0.20260416666666667 0.2759259259259259
0 0.4671875 0.4837962962962963 0.253125 0.4305555555555556
0 0.2859375 0.36203703703703705 0.265625 0.3175925925925926
0 0.42994791666666665 0.15555555555555556 0.2869791666666667 0.3074074074074074
0 0.49830729166666665 0.7916666666666666 0.20963541666666666 0.2537037037037037
0 0.17890625 0.7652777777777777 0.2890625 0.19537037037037036
0 0.0171875 0.42314814814814816 0.034375 0.19814814814814816
