0 0.89375 0.13240740740740742 0.2125 0.2351851851851852
0 0.8665364583333334 0.305787037037037 0.07734375 0.0699074074074074
0 0.969921875 0.4212962962962963 0.05026041666666667 0.04814814814814815
0 0.93359375 0.39305555555555555 0.06979166666666667 0.06388888888888888
0 0.91171875 0.35439814814814813 0.06145833333333333 0.05694444444444444
0 0.8404947916666666 0.3574074074074074 0.06692708333333333 0.06111111111111111
0 0.8958333333333334 0.4009259259259259 0.035416666666666666 0.04259259259259259
0 0.8486979166666667 0.41412037037037036 0.0671875 0.055092592592592596
0 0.8428385416666667 0.4446759259259259 0.03723958333333333 0.04027777777777778
0 0.8006510416666667 0.4398148148148148 0.03723958333333333 0.04814814814814815
0 0.7860677083333333 0.3506944444444444 0.04192708333333333 0.04583333333333333
0 0.7727864583333334 0.7699074074074074 0.21223958333333334 0.25277777777777777
0 0.7591145833333334 0.8287037037037037 0.1671875 0.3
0 0.45364583333333336 0.14884259259259258 0.13385416666666666 0.10138888888888889
0 0.08671875 0.04513888888888889 0.12552083333333333 0.08657407407407407
0 0.16458333333333333 0.21064814814814814 0.14322916666666666 0.31666666666666665
0 0.25872395833333334 0.24513888888888888 0.11276041666666667 0.08287037037037037
0 0.17369791666666667 0.47824074074074074 0.17604166666666668 0.18796296296296297
0 0.05559895833333333 0.46550925925925923 0.11119791666666666 0.11712962962962963
0 0.3697916666666667 0.19953703703703704 0.05 0.1287037037037037
0 0.4962239583333333 0.3597222222222222 0.12734375 0.22314814814814815
0 0.6692708333333334 0.27314814814814814 0.07395833333333333 0.07777777777777778
0 0.7235677083333333 0.36574074074074076 0.13046875 0.14444444444444443
0 0.8057291666666667 0.5627314814814814 0.38697916666666665 0.25046296296296294
0 0.6225260416666667 0.3770833333333333 0.05286458333333333 0.0625
0 0.6209635416666667 0.3224537037037037 0.05546875 0.05138888888888889
0 0.55625 0.40555555555555556 0.13333333333333333 0.16666666666666666
0 0.6106770833333334 0.2638888888888889 0.06197916666666667 0.08333333333333333
0 0.44427083333333334 0.5685185185185185 0.21666666666666667 0.6166666666666667
0 0.3020833333333333 0.3523148148148148 0.08489583333333334 0.1648148148148148
0 0.3885416666666667 0.3578703703703704 0.1 0.3453703703703704
0 0.6361979166666667 0.8097222222222222 0.08489583333333334 0.38055555555555554
0 0.6583333333333333 0.45 0.04895833333333333 0.05925925925925926
0 0.3411458333333333 0.5199074074074074 0.13020833333333334 0.1527777777777778
