0 0.1 0.37546296296296294 0.10104166666666667 0.06666666666666667
0 0.13307291666666668 0.46319444444444446 0.11770833333333333 0.11805555555555555
0 0.19596354166666666 0.3747685185185185 0.09973958333333334 0.09675925925925925
0 0.27981770833333336 0.41064814814814815 0.11276041666666667 0.10648148148148148
0 0.3248697916666667 0.4409722222222222 0.04401041666666667 0.1050925925925926
0 0.38841145833333335 0.32708333333333334 0.03671875 0.10787037037037037
0 0.19166666666666668 0.31157407407407406 0.16458333333333333 0.08425925925925926
0 0.14427083333333332 0.1925925925925926 0.0546875 0.041666666666666664
0 0.401171875 0.47476851851851853 0.05078125 0.16157407407407406
0 0.44622395833333334 0.4983796296296296 0.04348958333333333 0.12361111111111112
0 0.5084635416666666 0.3909722222222222 0.061197916666666664 0.047685185185185185
0 0.4825520833333333 0.5449074074074074 0.0421875 0.16018518518518518
0 0.5348958333333333 0.51875 0.075 0.08287037037037037
0 0.534375 0.45092592592592595 0.0875 0.08425925925925926
0 0.5639322916666667 0.5569444444444445 0.02578125 0.10092592592592593
0 0.6541666666666667 0.6104166666666667 0.075 0.12175925925925926
0 0.6036458333333333 0.5666666666666667 0.075 0.09166666666666666
0 0.45598958333333334 0.3277777777777778 0.05416666666666667 0.10277777777777777
0 0.6186197916666667 0.36342592592592593 0.08151041666666667 0.09351851851851851
0 0.7315104166666667 0.4462962962962963 0.0578125 0.08611111111111111
0 0.66796875 0.2743055555555556 0.08333333333333333 0.16712962962962963
0 0.7790364583333333 0.09560185185185185 0.13984375 0.1375
0 0.32473958333333336 0.10856481481481481 0.06510416666666667 0.07824074074074074
0 0.3625 0.043055555555555555 0.034375 0.06944444444444445
0 0.195703125 0.0962962962962963 0.06328125 0.06481481481481481
0 0.12825520833333334 0.22569444444444445 0.06588541666666667 0.04953703703703704
0 0.08880208333333334 0.5398148148148149 0.12135416666666667 0.08611111111111111
0 0.60390625 0.9296296296296296 0.12864583333333332 0.14074074074074075
0 0.0859375 0.4671296296296296 0.04895833333333333 0.09907407407407408
0 0.37473958333333335 0.5509259259259259 0.1296875 0.1
0 0.47421875 0.42407407407407405 0.0359375 0.0962962962962963
