0 0.43528645833333335 0.6534722222222222 0.09661458333333334 0.13472222222222222
0 0.4348958333333333 0.5199074074074074 0.04791666666666667 0.07222222222222222
0 0.5467447916666667 0.3900462962962963 0.13619791666666667 0.09490740740740741
0 0.5248697916666667 0.6412037037037037 0.07161458333333333 0.18703703703703703
0 0.5854166666666667 0.5504629629629629 0.0515625 0.10185185185185185
0 0.6052083333333333 0.5606481481481481 0.06875 0.175
0 0.644140625 0.555787037037037 0.06484375 0.27546296296296297
0 0.694921875 0.6148148148148148 0.11223958333333334 0.1527777777777778
0 0.6833333333333333 0.40694444444444444 0.06302083333333333 0.12407407407407407
0 0.7401041666666667 0.45231481481481484 0.0859375 0.05925925925925926
0 0.7263020833333333 0.6708333333333333 0.1296875 0.14537037037037037
0 0.81015625 0.7106481481481481 0.128125 0.14351851851851852
0 0.8858072916666667 0.46273148148148147 0.05234375 0.09490740740740741
0 0.934375 0.319212962962963 0.06822916666666666 0.09490740740740741
