0 0.5854166666666667 0.06898148148148148 0.0375 0.13425925925925927
0 0.601953125 0.3729166666666667 0.032552083333333336 0.11805555555555555
0 0.7013020833333333 0.42824074074074076 0.030729166666666665 0.13148148148148148
0 0.91484375 0.49583333333333335 0.1703125 0.1824074074074074
0 0.5305989583333334 0.31504629629629627 0.05859375 0.13472222222222222
0 0.48346354166666666 0.23657407407407408 0.09296875 0.10833333333333334
0 0.37643229166666664 0.1736111111111111 0.05651041666666667 0.07685185185185185
0 0.37643229166666664 0.04884259259259259 0.07057291666666667 0.08194444444444444
0 0.3109375 0.031018518518518518 0.11354166666666667 0.062037037037037036
0 0.28072916666666664 0.10740740740740741 0.11927083333333334 0.09351851851851851
0 0.2610677083333333 0.1988425925925926 0.08046875 0.1300925925925926
0 0.30130208333333336 0.3055555555555556 0.04583333333333333 0.12037037037037036
0 0.264453125 0.3090277777777778 0.03828125 0.0699074074074074
0 0.32265625 0.3215277777777778 0.09114583333333333 0.13842592592592592
0 0.25364583333333335 0.4409722222222222 0.04791666666666667 0.18564814814814815
0 0.3561197916666667 0.44050925925925927 0.18880208333333334 0.2689814814814815
0 0.42330729166666664 0.412962962962963 0.062239583333333334 0.2518518518518518
0 0.19205729166666666 0.5076388888888889 0.07734375 0.24768518518518517
0 0.1609375 0.34699074074074077 0.10520833333333333 0.08657407407407407
0 0.13515625 0.43333333333333335 0.0703125 0.14444444444444443
0 0.031901041666666664 0.5006944444444444 0.06380208333333333 0.21342592592592594
0 0.08658854166666667 0.3037037037037037 0.16067708333333333 0.17314814814814813
0 0.29140625 0.046296296296296294 0.1703125 0.09259259259259259
0 0.44192708333333336 0.32592592592592595 0.025520833333333333 0.07222222222222222
0 0.5200520833333333 0.009259259259259259 0.049479166666666664 0.018518518518518517
0 0.016666666666666666 0.09305555555555556 0.03333333333333333 0.08981481481481482
0 0.11953125 0.3587962962962963 0.04739583333333333 0.09166666666666666
0 0.17864583333333334 0.36342592592592593 0.029166666666666667 0.08611111111111111
0 0.3294270833333333 0.20416666666666666 0.024479166666666666 0.032407407407407406
