0 0.708203125 0.7391203703703704 0.19973958333333333 0.2949074074074074
0 0.6998697916666666 0.456712962962963 0.09609375 0.16342592592592592
0 0.7993489583333333 0.21157407407407408 0.07109375 0.17407407407407408
0 0.6727864583333333 0.11319444444444444 0.16796875 0.22268518518518518
0 0.327734375 0.1386574074074074 0.12682291666666667 0.08009259259259259
0 0.25416666666666665 0.25763888888888886 0.09427083333333333 0.15046296296296297
0 0.07265625 0.2657407407407407 0.07291666666666667 0.06574074074074074
0 0.5921875 0.399537037037037 0.030208333333333334 0.13425925925925927
0 0.5509114583333333 0.41574074074074074 0.09453125 0.3416666666666667
0 0.48984375 0.40949074074074077 0.11875 0.37083333333333335
0 0.4993489583333333 0.22615740740740742 0.07421875 0.16342592592592592
0 0.40286458333333336 0.4136574074074074 0.08489583333333334 0.40324074074074073
0 0.3380208333333333 0.5108796296296296 0.06770833333333333 0.26435185185185184
0 0.37942708333333336 0.30324074074074076 0.09010416666666667 0.2175925925925926
0 0.44296875 0.23287037037037037 0.05572916666666667 0.13425925925925927
