0 0.23333333333333334 0.6060185185185185 0.07708333333333334 0.05092592592592592
0 0.28684895833333335 0.7138888888888889 0.21328125 0.18981481481481483
0 0.4395833333333333 0.6173611111111111 0.12552083333333333 0.12453703703703704
0 0.5442708333333334 0.4305555555555556 0.08177083333333333 0.07222222222222222
0 0.7252604166666666 0.3712962962962963 0.10885416666666667 0.09259259259259259
0 0.7611979166666667 0.47175925925925927 0.11927083333333334 0.08425925925925926
0 0.9078125 0.394212962962963 0.16354166666666667 0.10324074074074074
0 0.5739583333333333 0.6555555555555556 0.0020833333333333333 0.024074074074074074
0 0.5545572916666667 0.6194444444444445 0.07994791666666666 0.14722222222222223
0 0.5190104166666667 0.5898148148148148 0.07447916666666667 0.11851851851851852
0 0.3841145833333333 0.9425925925925925 0.37604166666666666 0.11481481481481481
0 0.265625 0.7638888888888888 0.23385416666666667 0.18703703703703703
0 0.04921875 0.9541666666666667 0.0984375 0.09166666666666666
0 0.03203125 0.7560185185185185 0.0640625 0.10648148148148148
0 0.6904947916666667 0.5534722222222223 0.3033854166666667 0.23287037037037037
0 0.8869791666666667 0.7166666666666667 0.22604166666666667 0.32407407407407407
0 0.8825520833333333 0.9375 0.23489583333333333 0.125
0 0.6908854166666667 0.16319444444444445 0.0828125 0.06898148148148148
0 0.912109375 0.4828703703703704 0.09088541666666666 0.10462962962962963
