0 0.640625 0.6625 0.06354166666666666 0.05277777777777778
0 0.7401041666666667 0.6219907407407408 0.0390625 0.08009259259259259
0 0.7774739583333333 0.6810185185185185 0.04609375 0.05092592592592592
0 0.47994791666666664 0.7914351851851852 0.259375 0.26435185185185184
0 0.39557291666666666 0.8907407407407407 0.13958333333333334 0.15833333333333333
0 0.303125 0.7041666666666667 0.06875 0.05277777777777778
0 0.30963541666666666 0.7388888888888889 0.0453125 0.053703703703703705
0 0.23216145833333332 0.6530092592592592 0.13776041666666666 0.1439814814814815
0 0.23020833333333332 0.5793981481481482 0.24166666666666667 0.23287037037037037
0 0.08190104166666666 0.725 0.16015625 0.1388888888888889
0 0.12760416666666666 0.8502314814814815 0.2552083333333333 0.2662037037037037
0 0.027864583333333335 0.4875 0.0453125 0.08981481481481482
0 0.9920572916666667 0.7493055555555556 0.015885416666666666 0.05787037037037037
0 0.26067708333333334 0.6916666666666667 0.15572916666666667 0.14814814814814814
0 0.3578125 0.7421296296296296 0.159375 0.10648148148148148
