0 0.8651041666666667 0.40300925925925923 0.15260416666666668 0.11805555555555555
0 0.7897135416666666 0.3143518518518518 0.15807291666666667 0.13796296296296295
0 0.6397135416666667 0.3458333333333333 0.08619791666666667 0.14351851851851852
0 0.55546875 0.3592592592592593 0.08072916666666667 0.0787037037037037
0 0.4954427083333333 0.26087962962962963 0.09453125 0.11157407407407408
0 0.608984375 0.5166666666666667 0.11067708333333333 0.18333333333333332
0 0.583984375 0.5569444444444445 0.04973958333333333 0.14722222222222223
0 0.46640625 0.49074074074074076 0.10364583333333334 0.2759259259259259
0 0.40625 0.23657407407407408 0.09947916666666666 0.39444444444444443
0 0.37161458333333336 0.3212962962962963 0.12864583333333332 0.30925925925925923
0 0.30364583333333334 0.3039351851851852 0.13177083333333334 0.35694444444444445
0 0.2942708333333333 0.5377314814814815 0.2015625 0.2263888888888889
0 0.15221354166666667 0.381712962962963 0.08307291666666666 0.11527777777777778
0 0.20325520833333333 0.29398148148148145 0.11692708333333333 0.31666666666666665
0 0.198828125 0.5180555555555556 0.08203125 0.0787037037037037
0 0.07161458333333333 0.3574074074074074 0.09010416666666667 0.1111111111111111
0 0.023307291666666667 0.40949074074074077 0.046614583333333334 0.26064814814814813
0 0.06197916666666667 0.12916666666666668 0.121875 0.19537037037037036
0 0.109375 0.09652777777777778 0.21614583333333334 0.19305555555555556
0 0.5658854166666667 0.25416666666666665 0.08072916666666667 0.10833333333333334
0 0.012239583333333333 0.2898148148148148 0.024479166666666666 0.10185185185185185
