0 0.6615885416666667 0.25046296296296294 0.03619791666666667 0.06296296296296296
0 0.5986979166666667 0.39189814814814816 0.03802083333333333 0.11342592592592593
0 0.621875 0.4273148148148148 0.04479166666666667 0.08518518518518518
0 0.5239583333333333 0.3960648148148148 0.075 0.11157407407407408
0 0.5666666666666667 0.26481481481481484 0.06302083333333333 0.10092592592592593
0 0.5233072916666667 0.19398148148148148 0.031510416666666666 0.08425925925925926
0 0.49140625 0.28541666666666665 0.044270833333333336 0.11898148148148148
0 0.44440104166666666 0.29953703703703705 0.07213541666666666 0.06296296296296296
0 0.4102864583333333 0.38958333333333334 0.06588541666666667 0.060648148148148145
0 0.27122395833333335 0.5055555555555555 0.08307291666666666 0.05740740740740741
0 0.44609375 0.21481481481481482 0.049479166666666664 0.0962962962962963
0 0.4705729166666667 0.13148148148148148 0.0671875 0.125
0 0.42421875 0.13148148148148148 0.06979166666666667 0.07685185185185185
0 0.501171875 0.037037037037037035 0.037760416666666664 0.0712962962962963
0 0.2747395833333333 0.611574074074074 0.08229166666666667 0.09166666666666666
0 0.32057291666666665 0.6018518518518519 0.059895833333333336 0.09074074074074075
0 0.35638020833333334 0.6175925925925926 0.03307291666666667 0.08148148148148149
0 0.3770833333333333 0.6090277777777777 0.03802083333333333 0.11805555555555555
0 0.4485677083333333 0.612037037037037 0.03411458333333333 0.06851851851851852
0 0.5266927083333334 0.6511574074074075 0.08619791666666667 0.09490740740740741
0 0.45807291666666666 0.7296296296296296 0.05677083333333333 0.06666666666666667
0 0.525 0.944212962962963 0.11614583333333334 0.11157407407407408
0 0.5602864583333333 0.9064814814814814 0.039322916666666666 0.1037037037037037
0 0.5850260416666667 0.7981481481481482 0.029947916666666668 0.0712962962962963
0 0.60078125 0.6949074074074074 0.07864583333333333 0.08055555555555556
0 0.600390625 0.63125 0.07838541666666667 0.08101851851851852
0 0.7328125 0.700462962962963 0.052083333333333336 0.05648148148148148
0 0.7796875 0.687037037037037 0.1078125 0.1111111111111111
0 0.7459635416666667 0.9233796296296296 0.08984375 0.0837962962962963
0 0.6346354166666667 0.9671296296296297 0.078125 0.06574074074074074
0 0.8328125 0.7965277777777777 0.09114583333333333 0.07916666666666666
0 0.8899739583333334 0.6358796296296296 0.048177083333333336 0.060648148148148145
0 0.9411458333333333 0.6666666666666666 0.05 0.06666666666666667
0 0.8877604166666667 0.5011574074074074 0.06197916666666667 0.08101851851851852
0 0.5575520833333333 0.6041666666666666 0.07135416666666666 0.05648148148148148
0 0.7671875 0.16296296296296298 0.030208333333333334 0.05925925925925926
0 0.98203125 0.43425925925925923 0.0359375 0.03518518518518519
