0 0.79140625 0.8125 0.146875 0.13055555555555556
0 0.92734375 0.6844907407407408 0.08072916666666667 0.08287037037037037
0 0.47291666666666665 0.9756944444444444 0.12916666666666668 0.04861111111111111
0 0.33515625 0.8328703703703704 0.21614583333333334 0.18981481481481483
0 0.40911458333333334 0.21412037037037038 0.27395833333333336 0.4162037037037037
0 0.91328125 0.31805555555555554 0.009895833333333333 0.012037037037037037
0 0.9614583333333333 0.4847222222222222 0.0125 0.019444444444444445
0 0.99765625 0.46944444444444444 0.0046875 0.014814814814814815
0 0.8640625 0.487962962962963 0.005208333333333333 0.009259259259259259
0 0.7270833333333333 0.4703703703703704 0.015625 0.012962962962962963
0 0.6020833333333333 0.4861111111111111 0.015625 0.009259259259259259
0 0.48046875 0.5 0.005729166666666666 0.005555555555555556
0 0.22578125 0.2449074074074074 0.009895833333333333 0.010185185185185186
0 0.16510416666666666 0.225 0.009375 0.011111111111111112
0 0.020052083333333335 0.3333333333333333 0.0078125 0.009259259259259259
0 0.41067708333333336 0.44675925925925924 0.0078125 0.004629629629629629
0 0.33229166666666665 0.9462962962962963 0.090625 0.07592592592592592
0 0.04609375 0.6060185185185185 0.0765625 0.09722222222222222
0 0.02578125 0.5509259259259259 0.0515625 0.06481481481481481
