0 0.5087239583333333 0.9430555555555555 0.14192708333333334 0.11388888888888889
0 0.598046875 0.9 0.03619791666666667 0.05
0 0.72265625 0.9694444444444444 0.0296875 0.030555555555555555
0 0.7828125 0.9527777777777777 0.022916666666666665 0.025
0 0.7916666666666666 0.9175925925925926 0.030208333333333334 0.037037037037037035
0 0.7944010416666667 0.8534722222222222 0.01953125 0.02361111111111111
0 0.69921875 0.7643518518518518 0.019270833333333334 0.01574074074074074
0 0.8959635416666667 0.85 0.018489583333333334 0.022222222222222223
0 0.9286458333333333 0.8231481481481482 0.027083333333333334 0.03518518518518519
0 0.919140625 0.9085648148148148 0.03567708333333333 0.029166666666666667
0 0.860546875 0.7618055555555555 0.018489583333333334 0.02638888888888889
0 0.9158854166666667 0.5986111111111111 0.0265625 0.023148148148148147
0 0.21276041666666667 0.9629629629629629 0.013020833333333334 0.014814814814814815
0 0.7541666666666667 0.8726851851851852 0.041666666666666664 0.030555555555555555
