0 0.133203125 0.2988425925925926 0.10286458333333333 0.08564814814814815
0 0.312890625 0.28703703703703703 0.12057291666666667 0.08425925925925926
0 0.9307291666666667 0.4965277777777778 0.075 0.10416666666666667
0 0.9807291666666667 0.5189814814814815 0.03854166666666667 0.062037037037037036
0 0.83671875 0.6236111111111111 0.0171875 0.028703703703703703
0 0.8177083333333334 0.6212962962962963 0.028125 0.03333333333333333
0 0.18333333333333332 0.5671296296296297 0.03125 0.03425925925925926
0 0.30390625 0.5087962962962963 0.024479166666666666 0.023148148148148147
0 0.2752604166666667 0.513425925925926 0.0203125 0.026851851851851852
0 0.38255208333333335 0.5634259259259259 0.0203125 0.03981481481481482
0 0.465625 0.562962962962963 0.019791666666666666 0.03148148148148148
0 0.5139322916666667 0.47314814814814815 0.09869791666666666 0.09907407407407408
0 0.665625 0.5481481481481482 0.06770833333333333 0.07592592592592592
0 0.6145833333333334 0.5319444444444444 0.034375 0.049074074074074076
0 0.7364583333333333 0.5805555555555556 0.042708333333333334 0.044444444444444446
0 0.14921875 0.6467592592592593 0.0109375 0.03796296296296296
0 0.16276041666666666 0.6606481481481481 0.018229166666666668 0.032407407407407406
