0 0.10234375 0.5662037037037037 0.0375 0.046296296296296294
0 0.22096354166666668 0.5365740740740741 0.05755208333333333 0.05092592592592592
0 0.26223958333333336 0.594212962962963 0.022916666666666665 0.03194444444444444
0 0.277734375 0.5826388888888889 0.03671875 0.04583333333333333
0 0.36432291666666666 0.54375 0.033854166666666664 0.04490740740740741
0 0.174609375 0.8625 0.06380208333333333 0.06574074074074074
0 0.26783854166666665 0.7342592592592593 0.04401041666666667 0.040740740740740744
0 0.3014322916666667 0.7736111111111111 0.03411458333333333 0.046296296296296294
0 0.5751302083333333 0.6601851851851852 0.046614583333333334 0.05185185185185185
0 0.4166666666666667 0.7699074074074074 0.05260416666666667 0.03981481481481482
0 0.42604166666666665 0.9 0.035416666666666666 0.03518518518518519
0 0.49609375 0.5789351851851852 0.013541666666666667 0.031018518518518518
0 0.2877604166666667 0.5574074074074075 0.008854166666666666 0.024074074074074074
0 0.08802083333333334 0.6435185185185185 0.04895833333333333 0.024074074074074074
0 0.7890625 0.6273148148148148 0.03125 0.06759259259259259
0 0.8408854166666667 0.5222222222222223 0.0515625 0.016666666666666666
0 0.6700520833333333 0.5143518518518518 0.011979166666666667 0.017592592592592594
