0 0.21666666666666667 0.4951388888888889 0.03854166666666667 0.027314814814814816
0 0.18984375 0.14074074074074075 0.011979166666666667 0.014814814814814815
0 0.21614583333333334 0.17037037037037037 0.016666666666666666 0.014814814814814815
0 0.3572916666666667 0.23055555555555557 0.011458333333333333 0.014814814814814815
0 0.32526041666666666 0.13657407407407407 0.008854166666666666 0.01574074074074074
0 0.20364583333333333 0.2490740740740741 0.010416666666666666 0.018518518518518517
0 0.20911458333333333 0.275 0.008854166666666666 0.014814814814814815
0 0.08177083333333333 0.4625 0.03854166666666667 0.03796296296296296
0 0.31536458333333334 0.4060185185185185 0.025520833333333333 0.017592592592592594
0 0.2078125 0.37962962962962965 0.011458333333333333 0.014814814814814815
0 0.2453125 0.38842592592592595 0.013541666666666667 0.012037037037037037
0 0.79296875 0.07268518518518519 0.0109375 0.01574074074074074
0 0.609375 0.03981481481481482 0.0125 0.012962962962962963
0 0.6419270833333334 0.034722222222222224 0.0109375 0.017592592592592594
0 0.6447916666666667 0.11712962962962963 0.011458333333333333 0.019444444444444445
0 0.6440104166666667 0.14027777777777778 0.009895833333333333 0.013888888888888888
0 0.8296875 0.11157407407407408 0.014583333333333334 0.017592592592592594
0 0.8565104166666667 0.10277777777777777 0.0140625 0.022222222222222223
0 0.8677083333333333 0.29444444444444445 0.017708333333333333 0.020370370370370372
0 0.55625 0.04027777777777778 0.010416666666666666 0.019444444444444445
0 0.5317708333333333 0.1412037037037037 0.0125 0.019444444444444445
0 0.4953125 0.19027777777777777 0.010416666666666666 0.021296296296296296
0 0.6994791666666667 0.18796296296296297 0.011458333333333333 0.016666666666666666
0 0.7109375 0.18981481481481483 0.011458333333333333 0.016666666666666666
0 0.6192708333333333 0.012037037037037037 0.014583333333333334 0.016666666666666666
0 0.75625 0.037037037037037035 0.0125 0.011111111111111112
0 0.7268229166666667 0.0125 0.0109375 0.01574074074074074
0 0.4125 0.04953703703703704 0.010416666666666666 0.019444444444444445
0 0.6231770833333333 0.12175925925925926 0.013020833333333334 0.008333333333333333
0 0.5640625 0.13240740740740742 0.010416666666666666 0.012962962962962963
0 0.5268229166666667 0.19583333333333333 0.011979166666666667 0.013888888888888888
0 0.29661458333333335 0.2513888888888889 0.0067708333333333336 0.01574074074074074
0 0.29375 0.28194444444444444 0.010416666666666666 0.010185185185185186
0 0.24088541666666666 0.28055555555555556 0.009895833333333333 0.014814814814814815
0 0.2765625 0.20787037037037037 0.0125 0.01574074074074074
0 0.2825520833333333 0.22083333333333333 0.008854166666666666 0.012037037037037037
0 0.27239583333333334 0.09305555555555556 0.009375 0.012037037037037037
0 0.20260416666666667 0.08796296296296297 0.011458333333333333 0.014814814814814815
0 0.26510416666666664 0.027777777777777776 0.0125 0.016666666666666666
0 0.3059895833333333 0.03611111111111111 0.009895833333333333 0.018518518518518517
0 0.3692708333333333 0.12453703703703704 0.0125 0.017592592592592594
0 0.3421875 0.11157407407407408 0.011458333333333333 0.023148148148148147
