0 0.0296875 0.12476851851851851 0.059375 0.06342592592592593
0 0.04830729166666667 0.23194444444444445 0.031510416666666666 0.05555555555555555
0 0.019791666666666666 0.3111111111111111 0.03958333333333333 0.075
0 0.0234375 0.4013888888888889 0.03125 0.07222222222222222
0 0.09453125 0.7393518518518518 0.16927083333333334 0.11388888888888889
0 0.03958333333333333 0.5724537037037037 0.07864583333333333 0.07546296296296297
0 0.05651041666666667 0.5912037037037037 0.04114583333333333 0.03425925925925926
0 0.14401041666666667 0.30300925925925926 0.06927083333333334 0.05694444444444444
0 0.18046875 0.21435185185185185 0.03333333333333333 0.05740740740740741
0 0.21953125 0.20300925925925925 0.046875 0.05416666666666667
0 0.27513020833333335 0.049074074074074076 0.062239583333333334 0.07222222222222222
0 0.2825520833333333 0.22060185185185185 0.028125 0.1310185185185185
0 0.30416666666666664 0.20300925925925925 0.0734375 0.11805555555555555
0 0.34296875 0.32060185185185186 0.06614583333333333 0.04398148148148148
0 0.48828125 0.3814814814814815 0.05572916666666667 0.07222222222222222
0 0.9177083333333333 0.262037037037037 0.020833333333333332 0.05555555555555555
0 0.9483072916666667 0.2675925925925926 0.03046875 0.04537037037037037
0 0.9951822916666667 0.1451388888888889 0.009635416666666667 0.02638888888888889
0 0.961328125 0.0125 0.05130208333333333 0.025
0 0.8795572916666666 0.03356481481481482 0.05911458333333333 0.056018518518518516
0 0.4993489583333333 0.014351851851851852 0.048177083333333336 0.028703703703703703
0 0.59609375 0.03287037037037037 0.06770833333333333 0.06574074074074074
0 0.40325520833333334 0.1597222222222222 0.05859375 0.05462962962962963
0 0.18307291666666667 0.40370370370370373 0.0453125 0.053703703703703705
0 0.9901041666666667 0.3458333333333333 0.019791666666666666 0.10833333333333334
