0 0.6204427083333334 0.6974537037037037 0.10703125 0.15694444444444444
0 0.7903645833333334 0.7164351851851852 0.06822916666666666 0.043055555555555555
0 0.14322916666666666 0.9349537037037037 0.06041666666666667 0.04953703703703704
0 0.0609375 0.8886574074074074 0.05416666666666667 0.0699074074074074
0 0.07135416666666666 0.6752314814814815 0.044270833333333336 0.1125
0 0.11393229166666667 0.5546296296296296 0.037760416666666664 0.06574074074074074
0 0.15625 0.5162037037037037 0.046875 0.03518518518518519
0 0.16393229166666667 0.6569444444444444 0.027864583333333335 0.03796296296296296
0 0.24244791666666668 0.6479166666666667 0.028645833333333332 0.03657407407407407
0 0.34283854166666666 0.6365740740740741 0.03567708333333333 0.03333333333333333
0 0.5143229166666666 0.5935185185185186 0.04010416666666667 0.06018518518518518
0 0.046484375 0.47800925925925924 0.08932291666666667 0.0625
0 0.04088541666666667 0.3925925925925926 0.04791666666666667 0.044444444444444446
0 0.9950520833333333 0.799537037037037 0.009895833333333333 0.028703703703703703
0 0.9436197916666667 0.743287037037037 0.032552083333333336 0.043055555555555555
0 0.6822916666666666 0.21574074074074073 0.04791666666666667 0.046296296296296294
0 0.6127604166666667 0.5967592592592592 0.044270833333333336 0.06944444444444445
0 0.69375 0.4587962962962963 0.03229166666666667 0.06018518518518518
0 0.5177083333333333 0.2902777777777778 0.017708333333333333 0.025
