0 0.09049479166666667 0.762962962962963 0.047135416666666666 0.025
0 0.10442708333333334 0.8814814814814815 0.018229166666666668 0.03148148148148148
0 0.12734375 0.8944444444444445 0.0203125 0.02962962962962963
0 0.10130208333333333 0.6837962962962963 0.0265625 0.017592592592592594
0 0.16536458333333334 0.6643518518518519 0.015104166666666667 0.028703703703703703
0 0.20494791666666667 0.6199074074074075 0.015104166666666667 0.021296296296296296
0 0.18932291666666667 0.625 0.0171875 0.025925925925925925
0 0.21822916666666667 0.6268518518518519 0.017708333333333333 0.024074074074074074
0 0.07526041666666666 0.5606481481481481 0.016145833333333335 0.028703703703703703
0 0.090625 0.5523148148148148 0.0125 0.023148148148148147
0 0.037760416666666664 0.5537037037037037 0.033854166666666664 0.025925925925925925
0 0.011458333333333333 0.549074074074074 0.021875 0.020370370370370372
0 0.02734375 0.8888888888888888 0.0546875 0.06851851851851852
0 0.4713541666666667 0.9231481481481482 0.021875 0.027777777777777776
0 0.53046875 0.9462962962962963 0.0109375 0.027777777777777776
0 0.8903645833333333 0.9222222222222223 0.021354166666666667 0.02962962962962963
0 0.8723958333333334 0.8527777777777777 0.025 0.03888888888888889
