0 0.07955729166666667 0.2502314814814815 0.017447916666666667 0.05138888888888889
0 0.51640625 0.030324074074074073 0.0421875 0.043055555555555555
0 0.405078125 0.46064814814814814 0.006510416666666667 0.01574074074074074
0 0.34856770833333334 0.48333333333333334 0.008072916666666667 0.01574074074074074
0 0.33229166666666665 0.5456018518518518 0.010416666666666666 0.01990740740740741
0 0.33294270833333334 0.5916666666666667 0.02109375 0.03518518518518519
0 0.57890625 0.4527777777777778 0.008854166666666666 0.016666666666666666
0 0.6364583333333333 0.29259259259259257 0.008333333333333333 0.014814814814814815
0 0.5723958333333333 0.46805555555555556 0.010416666666666666 0.012962962962962963
0 0.5950520833333334 0.5212962962962963 0.008854166666666666 0.016666666666666666
0 0.38359375 0.2652777777777778 0.011979166666666667 0.025
0 0.676171875 0.6347222222222222 0.04244791666666667 0.04722222222222222
0 0.7453125 0.5923611111111111 0.03802083333333333 0.043055555555555555
0 0.7694010416666667 0.6159722222222223 0.048177083333333336 0.05324074074074074
0 0.6427083333333333 0.6138888888888889 0.017708333333333333 0.03888888888888889
0 0.40260416666666665 0.6365740740740741 0.052083333333333336 0.030555555555555555
0 0.40703125 0.6597222222222222 0.05260416666666667 0.030555555555555555
0 0.13255208333333332 0.7708333333333334 0.07760416666666667 0.05462962962962963
0 0.12890625 0.7550925925925925 0.07552083333333333 0.041666666666666664
0 0.03203125 0.6953703703703704 0.0359375 0.046296296296296294
0 0.09921875 0.6773148148148148 0.0703125 0.058333333333333334
0 0.10833333333333334 0.6981481481481482 0.06770833333333333 0.05740740740740741
0 0.19505208333333332 0.6055555555555555 0.0140625 0.018518518518518517
0 0.21666666666666667 0.5122685185185185 0.008854166666666666 0.020833333333333332
0 0.8799479166666667 0.5287037037037037 0.0171875 0.022222222222222223
0 0.9846354166666667 0.5194444444444445 0.028645833333333332 0.03888888888888889
0 0.71953125 0.5527777777777778 0.025520833333333333 0.02962962962962963
0 0.6278645833333333 0.5574074074074075 0.0421875 0.03148148148148148
0 0.4825520833333333 0.5587962962962963 0.06197916666666667 0.03981481481481482
0 0.5622395833333333 0.5578703703703703 0.034895833333333334 0.058333333333333334
