0 0.348046875 0.26782407407407405 0.13671875 0.15324074074074073
0 0.30104166666666665 0.41458333333333336 0.11614583333333334 0.12546296296296297
0 0.1125 0.22916666666666666 0.07239583333333334 0.06851851851851852
0 0.0671875 0.32337962962962963 0.07135416666666666 0.08657407407407407
0 0.21940104166666666 0.5113425925925926 0.029427083333333333 0.03287037037037037
0 0.08528645833333333 0.42986111111111114 0.04192708333333333 0.08101851851851852
0 0.12291666666666666 0.4951388888888889 0.050520833333333334 0.0912037037037037
0 0.6154947916666667 0.1599537037037037 0.06484375 0.06527777777777778
0 0.7779947916666666 0.18287037037037038 0.03463541666666667 0.06851851851851852
0 0.7717447916666667 0.2965277777777778 0.030989583333333334 0.04583333333333333
0 0.831640625 0.33125 0.06380208333333333 0.047685185185185185
0 0.9294270833333333 0.29189814814814813 0.06458333333333334 0.04953703703703704
0 0.8291666666666667 0.1398148148148148 0.0828125 0.08611111111111111
0 0.6 0.019444444444444445 0.059375 0.03888888888888889
0 0.04765625 0.6791666666666667 0.0953125 0.11944444444444445
