0 0.10065104166666666 0.02013888888888889 0.03723958333333333 0.02824074074074074
0 0.12942708333333333 0.09675925925925925 0.07239583333333334 0.062037037037037036
0 0.40546875 0.5148148148148148 0.04739583333333333 0.053703703703703705
0 0.37747395833333336 0.5900462962962963 0.07630208333333334 0.1587962962962963
0 0.378125 0.4136574074074074 0.20677083333333332 0.16064814814814815
0 0.48658854166666665 0.5680555555555555 0.12786458333333334 0.12685185185185185
0 0.5735677083333334 0.5428240740740741 0.13359375 0.16157407407407406
0 0.47369791666666666 0.46111111111111114 0.07395833333333333 0.1
0 0.5091145833333334 0.43657407407407406 0.06510416666666667 0.06574074074074074
0 0.4270833333333333 0.3162037037037037 0.18645833333333334 0.20555555555555555
0 0.5798177083333333 0.4275462962962963 0.14192708333333334 0.11342592592592593
0 0.5596354166666667 0.3275462962962963 0.07708333333333334 0.09768518518518518
0 0.4739583333333333 0.24166666666666667 0.1375 0.18518518518518517
0 0.4641927083333333 0.1824074074074074 0.14140625 0.1259259259259259
0 0.6158854166666666 0.16597222222222222 0.171875 0.22361111111111112
0 0.5981770833333333 0.287962962962963 0.08177083333333333 0.09074074074074075
0 0.6786458333333333 0.2550925925925926 0.084375 0.1361111111111111
0 0.7385416666666667 0.28402777777777777 0.0625 0.04953703703703704
0 0.7389322916666666 0.4625 0.04869791666666667 0.0824074074074074
0 0.7959635416666667 0.3263888888888889 0.05026041666666667 0.06481481481481481
0 0.6838541666666667 0.3560185185185185 0.2109375 0.15833333333333333
0 0.9063802083333333 0.425462962962963 0.09921875 0.06851851851851852
0 0.8665364583333334 0.524074074074074 0.22057291666666667 0.2175925925925926
