0 0.29127604166666665 0.5550925925925926 0.026302083333333334 0.021296296296296296
0 0.2833333333333333 0.5504629629629629 0.04375 0.03981481481481482
0 0.3 0.537962962962963 0.04375 0.03148148148148148
0 0.3255208333333333 0.5476851851851852 0.028125 0.026851851851851852
0 0.31015625 0.586574074074074 0.028645833333333332 0.025925925925925925
0 0.29791666666666666 0.5861111111111111 0.025 0.020370370370370372
0 0.225 0.5902777777777778 0.021875 0.03611111111111111
0 0.21106770833333333 0.47476851851851853 0.040364583333333336 0.04583333333333333
0 0.32395833333333335 0.4618055555555556 0.03697916666666667 0.04675925925925926
0 0.3140625 0.45 0.034375 0.037037037037037035
0 0.03203125 0.4041666666666667 0.022395833333333334 0.017592592592592594
0 0.025260416666666667 0.3699074074074074 0.022395833333333334 0.021296296296296296
0 0.10703125 0.41203703703703703 0.0109375 0.03518518518518519
0 0.10442708333333334 0.3747685185185185 0.0265625 0.034722222222222224
0 0.14088541666666668 0.3625 0.03854166666666667 0.03796296296296296
0 0.12018229166666666 0.30416666666666664 0.017447916666666667 0.025
0 0.12734375 0.3023148148148148 0.0078125 0.021296296296296296
0 0.18489583333333334 0.4046296296296296 0.0125 0.018518518518518517
0 0.21393229166666666 0.4212962962962963 0.02421875 0.05185185185185185
0 0.21927083333333333 0.34629629629629627 0.035416666666666666 0.025925925925925925
0 0.242578125 0.32523148148148145 0.029947916666666668 0.020833333333333332
0 0.24192708333333332 0.3074074074074074 0.034895833333333334 0.021296296296296296
0 0.0049479166666666664 0.2 0.009895833333333333 0.020370370370370372
0 0.18151041666666667 0.26180555555555557 0.011979166666666667 0.02546296296296296
0 0.290625 0.3398148148148148 0.019270833333333334 0.021296296296296296
0 0.32786458333333335 0.33425925925925926 0.011979166666666667 0.022222222222222223
0 0.23697916666666666 0.4074074074074074 0.0125 0.044444444444444446
0 0.44895833333333335 0.5537037037037037 0.019791666666666666 0.022222222222222223
0 0.46953125 0.4486111111111111 0.019270833333333334 0.028703703703703703
0 0.4783854166666667 0.48703703703703705 0.022395833333333334 0.018518518518518517
0 0.5598958333333334 0.47314814814814815 0.0234375 0.025
0 0.661328125 0.6988425925925926 0.05703125 0.08472222222222223
0 0.11927083333333334 0.6932870370370371 0.0875 0.06898148148148148
0 0.90390625 0.6902777777777778 0.018229166666666668 0.03425925925925926
0 0.19479166666666667 0.12731481481481483 0.023958333333333335 0.026851851851851852
0 0.20208333333333334 0.07175925925925926 0.022916666666666665 0.023148148148148147
0 0.425 0.3851851851851852 0.014583333333333334 0.022222222222222223
