0 0.36302083333333335 0.17291666666666666 0.0921875 0.06435185185185185
0 0.4649739583333333 0.21481481481481482 0.03203125 0.020370370370370372
0 0.50625 0.16921296296296295 0.025 0.029166666666666667
0 0.423828125 0.41180555555555554 0.06015625 0.11435185185185186
0 0.502734375 0.42407407407407405 0.10755208333333334 0.075
0 0.5186197916666667 0.47476851851851853 0.06901041666666667 0.07361111111111111
0 0.34075520833333334 0.34699074074074077 0.06640625 0.0837962962962963
0 0.28203125 0.35300925925925924 0.051041666666666666 0.060648148148148145
0 0.2546875 0.36574074074074076 0.0609375 0.08148148148148149
0 0.198828125 0.28703703703703703 0.023697916666666666 0.05648148148148148
0 0.20143229166666668 0.23842592592592593 0.06640625 0.10555555555555556
0 0.15234375 0.26273148148148145 0.0984375 0.10138888888888889
0 0.15026041666666667 0.1486111111111111 0.034375 0.07685185185185185
0 0.08841145833333333 0.07268518518518519 0.027864583333333335 0.06944444444444445
0 0.1890625 0.050462962962962966 0.033854166666666664 0.062037037037037036
0 0.30572916666666666 0.053703703703703705 0.036458333333333336 0.03148148148148148
0 0.385546875 0.09930555555555555 0.01953125 0.024537037037037038
0 0.7180989583333334 0.075 0.08255208333333333 0.07592592592592592
0 0.8119791666666667 0.3439814814814815 0.0109375 0.03981481481481482
0 0.7192708333333333 0.41689814814814813 0.04791666666666667 0.04675925925925926
0 0.06354166666666666 0.14351851851851852 0.009375 0.024074074074074074
