0 0.35794270833333336 0.3509259259259259 0.09765625 0.2814814814814815
0 0.21549479166666666 0.49537037037037035 0.20859375 0.16018518518518518
0 0.18515625 0.7326388888888888 0.07135416666666666 0.11898148148148148
0 0.04283854166666667 0.6412037037037037 0.08567708333333333 0.09166666666666666
0 0.6151041666666667 0.4840277777777778 0.08697916666666666 0.16435185185185186
0 0.9127604166666666 0.8118055555555556 0.1703125 0.12546296296296297
0 0.9923177083333333 0.6453703703703704 0.013802083333333333 0.08425925925925926
0 0.17239583333333333 0.6884259259259259 0.036458333333333336 0.05462962962962963
0 0.1546875 0.7319444444444444 0.040625 0.05648148148148148
0 0.6947916666666667 0.7138888888888889 0.03125 0.037037037037037035
0 0.3645833333333333 0.8634259259259259 0.03229166666666667 0.05462962962962963
