0 0.6865885416666667 0.19583333333333333 0.07421875 0.05185185185185185
0 0.6393229166666666 0.09606481481481481 0.065625 0.04861111111111111
0 0.395703125 0.08402777777777778 0.07057291666666667 0.04675925925925926
0 0.44166666666666665 0.10810185185185185 0.06770833333333333 0.055092592592592596
0 0.1140625 0.0763888888888889 0.071875 0.0787037037037037
0 0.23697916666666666 0.026851851851851852 0.015625 0.028703703703703703
0 0.04674479166666667 0.020833333333333332 0.045572916666666664 0.026851851851851852
0 0.10911458333333333 0.8018518518518518 0.015104166666666667 0.028703703703703703
0 0.9923177083333333 0.35625 0.015364583333333333 0.03009259259259259
0 0.33567708333333335 0.16111111111111112 0.028645833333333332 0.022222222222222223
0 0.24661458333333333 0.13055555555555556 0.027604166666666666 0.04259259259259259
