0 0.051432291666666664 0.46458333333333335 0.04244791666666667 0.04398148148148148
0 0.09453125 0.5252314814814815 0.0375 0.03935185185185185
0 0.09401041666666667 0.48726851851851855 0.020833333333333332 0.03935185185185185
0 0.10690104166666667 0.4439814814814815 0.029947916666666668 0.03796296296296296
0 0.12317708333333334 0.4150462962962963 0.028645833333333332 0.033796296296296297
0 0.151171875 0.487962962962963 0.04088541666666667 0.04722222222222222
0 0.19557291666666668 0.5050925925925925 0.0421875 0.04722222222222222
0 0.23463541666666668 0.4976851851851852 0.028125 0.03796296296296296
0 0.197265625 0.4722222222222222 0.019010416666666665 0.037037037037037035
0 0.239453125 0.4358796296296296 0.02890625 0.055092592592592596
0 0.279296875 0.46111111111111114 0.03828125 0.04259259259259259
0 0.289453125 0.4826388888888889 0.02578125 0.034722222222222224
0 0.319921875 0.5115740740740741 0.02109375 0.025
0 0.34375 0.4752314814814815 0.030208333333333334 0.03287037037037037
0 0.37591145833333334 0.5053240740740741 0.03723958333333333 0.03657407407407407
0 0.365234375 0.44050925925925927 0.026302083333333334 0.031018518518518518
0 0.41184895833333335 0.4752314814814815 0.020052083333333335 0.02824074074074074
0 0.43059895833333334 0.4613425925925926 0.026822916666666665 0.03657407407407407
0 0.449609375 0.4375 0.024739583333333332 0.03425925925925926
0 0.612890625 0.5090277777777777 0.038802083333333334 0.052314814814814814
0 0.63671875 0.4548611111111111 0.043229166666666666 0.052314814814814814
0 0.6575520833333334 0.4393518518518518 0.028645833333333332 0.03425925925925926
0 0.6891927083333333 0.5793981481481482 0.055989583333333336 0.055092592592592596
0 0.71328125 0.4668981481481482 0.024479166666666666 0.03657407407407407
0 0.73515625 0.4428240740740741 0.0265625 0.03009259259259259
0 0.7260416666666667 0.5076388888888889 0.04583333333333333 0.03657407407407407
0 0.744140625 0.4875 0.05390625 0.05277777777777778
0 0.12109375 0.45231481481481484 0.028645833333333332 0.032407407407407406
0 0.14322916666666666 0.45601851851851855 0.03125 0.023148148148148147
0 0.17317708333333334 0.5166666666666667 0.027604166666666666 0.04259259259259259
0 0.28072916666666664 0.5037037037037037 0.020833333333333332 0.03148148148148148
0 0.4609375 0.49398148148148147 0.029166666666666667 0.03981481481481482
0 0.4713541666666667 0.4685185185185185 0.029166666666666667 0.024074074074074074
0 0.8145833333333333 0.4310185185185185 0.019791666666666666 0.026851851851851852
