0 0.31953125 0.06365740740740741 0.09583333333333334 0.12453703703703704
0 0.14700520833333333 0.37199074074074073 0.24609375 0.16805555555555557
0 0.16223958333333333 0.5101851851851852 0.184375 0.14537037037037037
0 0.03984375 0.8342592592592593 0.07708333333333334 0.10092592592592593
0 0.19739583333333333 0.9053240740740741 0.04583333333333333 0.08657407407407407
0 0.23411458333333332 0.787962962962963 0.09895833333333333 0.08703703703703704
0 0.340234375 0.7337962962962963 0.13828125 0.12685185185185185
0 0.29921875 0.7877314814814815 0.04479166666666667 0.056018518518518516
0 0.326171875 0.8162037037037037 0.07890625 0.11296296296296296
0 0.4713541666666667 0.8055555555555556 0.059375 0.0712962962962963
0 0.42734375 0.7782407407407408 0.0890625 0.1398148148148148
0 0.46380208333333334 0.7027777777777777 0.05416666666666667 0.06666666666666667
0 0.4114583333333333 0.6516203703703703 0.09010416666666667 0.10601851851851851
0 0.47630208333333335 0.6291666666666667 0.0390625 0.0787037037037037
0 0.51640625 0.5817129629629629 0.0578125 0.0837962962962963
0 0.5333333333333333 0.649074074074074 0.06458333333333334 0.05
0 0.5270833333333333 0.6979166666666666 0.059375 0.07083333333333333
0 0.5065104166666666 0.6814814814814815 0.06510416666666667 0.08703703703703704
0 0.5861979166666667 0.6328703703703704 0.0546875 0.09444444444444444
0 0.6393229166666666 0.6180555555555556 0.03333333333333333 0.04814814814814815
0 0.5233072916666667 0.7395833333333334 0.06067708333333333 0.11990740740740741
0 0.8169270833333333 0.48541666666666666 0.13229166666666667 0.09212962962962963
0 0.8376302083333333 0.4270833333333333 0.05651041666666667 0.08101851851851852
0 0.655859375 0.5039351851851852 0.08619791666666667 0.056018518518518516
0 0.6923177083333333 0.475462962962963 0.06692708333333333 0.040740740740740744
0 0.46536458333333336 0.47685185185185186 0.1625 0.11296296296296296
0 0.46236979166666664 0.3798611111111111 0.04765625 0.15046296296296297
0 0.4473958333333333 0.49074074074074076 0.15416666666666667 0.11296296296296296
0 0.35455729166666666 0.49675925925925923 0.07473958333333333 0.08425925925925926
0 0.32447916666666665 0.41458333333333336 0.0890625 0.06342592592592593
0 0.6984375 0.32199074074074074 0.058333333333333334 0.2050925925925926
0 0.5661458333333333 0.9511574074074074 0.05572916666666667 0.09675925925925925
0 0.973046875 0.9641203703703703 0.05390625 0.07175925925925926
0 0.5190104166666667 0.45694444444444443 0.0828125 0.09722222222222222
0 0.5296875 0.5574074074074075 0.084375 0.07777777777777778
0 0.3489583333333333 0.6736111111111112 0.08333333333333333 0.09907407407407408
