0 0.36328125 0.7722222222222223 0.18802083333333333 0.18333333333333332
0 0.190625 0.6599537037037037 0.10052083333333334 0.09490740740740741
0 0.17916666666666667 0.6287037037037037 0.046875 0.037037037037037035
0 0.20546875 0.5976851851851852 0.0234375 0.05648148148148148
0 0.22278645833333333 0.4462962962962963 0.08463541666666667 0.040740740740740744
0 0.30442708333333335 0.5668981481481481 0.04479166666666667 0.056018518518518516
0 0.43971354166666665 0.5671296296296297 0.03619791666666667 0.0962962962962963
0 0.480859375 0.6405092592592593 0.062239583333333334 0.08564814814814815
0 0.45364583333333336 0.6842592592592592 0.1140625 0.18055555555555555
0 0.5134114583333333 0.48842592592592593 0.07161458333333333 0.07314814814814814
0 0.6059895833333333 0.5798611111111112 0.03697916666666667 0.17083333333333334
0 0.20455729166666667 0.48518518518518516 0.06328125 0.03518518518518519
0 0.21666666666666667 0.40023148148148147 0.0296875 0.033796296296296297
0 0.11731770833333334 0.4273148148148148 0.07838541666666667 0.04351851851851852
0 0.8338541666666667 0.6125 0.021875 0.028703703703703703
0 0.66953125 0.44675925925925924 0.034895833333333334 0.03796296296296296
0 0.4703125 0.44351851851851853 0.013541666666666667 0.027777777777777776
0 0.037760416666666664 0.23055555555555557 0.025520833333333333 0.037037037037037035
