0 0.3296875 0.1275462962962963 0.153125 0.1587962962962963
0 0.22096354166666668 0.06527777777777778 0.07421875 0.09722222222222222
0 0.9404947916666667 0.37916666666666665 0.04921875 0.03796296296296296
0 0.973828125 0.39305555555555555 0.029947916666666668 0.07777777777777778
0 0.755859375 0.7699074074074074 0.01953125 0.023148148148148147
0 0.8274739583333334 0.9421296296296297 0.038802083333333334 0.044444444444444446
0 0.6192708333333333 0.9689814814814814 0.029166666666666667 0.05185185185185185
0 0.534375 0.9745370370370371 0.030729166666666665 0.04814814814814815
0 0.3561197916666667 0.5958333333333333 0.054427083333333334 0.058333333333333334
0 0.133203125 0.6835648148148148 0.03203125 0.03564814814814815
0 0.13125 0.7560185185185185 0.0328125 0.025925925925925925
0 0.11731770833333334 0.8474537037037037 0.01640625 0.03194444444444444
0 0.6684895833333333 0.9745370370370371 0.0296875 0.041666666666666664
0 0.7177083333333333 0.9254629629629629 0.03958333333333333 0.030555555555555555
0 0.7674479166666667 0.9777777777777777 0.028645833333333332 0.040740740740740744
0 0.87578125 0.9791666666666666 0.016145833333333335 0.03796296296296296
