0 0.6140625 0.24305555555555555 0.044270833333333336 0.03148148148148148
0 0.65390625 0.23310185185185187 0.0453125 0.052314814814814814
0 0.63984375 0.20601851851851852 0.03177083333333333 0.028703703703703703
0 0.6444010416666667 0.2712962962962963 0.05286458333333333 0.041666666666666664
0 0.7282552083333333 0.21666666666666667 0.05963541666666667 0.05555555555555555
0 0.7493489583333334 0.20439814814814813 0.03567708333333333 0.03287037037037037
0 0.7779947916666666 0.2724537037037037 0.03828125 0.034722222222222224
0 0.8438802083333333 0.3020833333333333 0.047135416666666666 0.04583333333333333
0 0.8936197916666667 0.03287037037037037 0.05755208333333333 0.06296296296296296
0 0.794140625 0.09027777777777778 0.028385416666666666 0.037037037037037035
0 0.7087239583333333 0.1300925925925926 0.03567708333333333 0.024074074074074074
0 0.5106770833333333 0.26087962962962963 0.05 0.03287037037037037
0 0.5858072916666667 0.31203703703703706 0.03671875 0.03148148148148148
0 0.915234375 0.7194444444444444 0.05546875 0.05277777777777778
0 0.9286458333333333 0.06527777777777778 0.030208333333333334 0.05648148148148148
0 0.29322916666666665 0.975925925925926 0.036458333333333336 0.04814814814814815
0 0.365625 0.9597222222222223 0.020833333333333332 0.05462962962962963
0 0.78671875 0.3449074074074074 0.04114583333333333 0.032407407407407406
0 0.8984375 0.04027777777777778 0.022916666666666665 0.021296296296296296
