0 0.354296875 0.5916666666666667 0.05078125 0.049074074074074076
0 0.3404947916666667 0.5173611111111112 0.01484375 0.04490740740740741
0 0.4544270833333333 0.5027777777777778 0.015104166666666667 0.04537037037037037
0 0.4875 0.5768518518518518 0.034895833333333334 0.04259259259259259
0 0.491015625 0.6192129629629629 0.062239583333333334 0.050462962962962966
0 0.5567708333333333 0.6476851851851851 0.019791666666666666 0.06388888888888888
0 0.6118489583333333 0.6627314814814815 0.01953125 0.056018518518518516
0 0.45078125 0.743287037037037 0.07135416666666666 0.07175925925925926
0 0.140625 0.6398148148148148 0.06302083333333333 0.05462962962962963
0 0.022916666666666665 0.4550925925925926 0.026041666666666668 0.03611111111111111
0 0.7868489583333333 0.39189814814814816 0.037760416666666664 0.038425925925925926
0 0.78671875 0.5282407407407408 0.04479166666666667 0.04722222222222222
0 0.8734375 0.41550925925925924 0.028645833333333332 0.04583333333333333
0 0.96875 0.2988425925925926 0.06041666666666667 0.055092592592592596
