0 0.2872395833333333 0.3699074074074074 0.1375 0.12777777777777777
0 0.22604166666666667 0.4847222222222222 0.13229166666666667 0.10185185185185185
0 0.135546875 0.5548611111111111 0.08359375 0.12083333333333333
0 0.07669270833333333 0.611574074074074 0.06015625 0.049074074074074076
0 0.10065104166666666 0.680787037037037 0.13359375 0.11990740740740741
0 0.080859375 0.8300925925925926 0.10078125 0.12962962962962962
0 0.133203125 0.9546296296296296 0.15078125 0.08888888888888889
0 0.21588541666666666 0.9412037037037037 0.08072916666666667 0.08611111111111111
0 0.27838541666666666 0.8805555555555555 0.1171875 0.10740740740740741
0 0.2869791666666667 0.9527777777777777 0.08541666666666667 0.06481481481481481
0 0.19817708333333334 0.5847222222222223 0.014583333333333334 0.017592592592592594
0 0.223828125 0.6046296296296296 0.010677083333333334 0.016666666666666666
0 0.260546875 0.5733796296296296 0.01328125 0.02361111111111111
0 0.3190104166666667 0.5837962962962963 0.0046875 0.010185185185185186
0 0.28619791666666666 0.7002314814814815 0.15677083333333333 0.10324074074074074
0 0.3028645833333333 0.611574074074074 0.0421875 0.062037037037037036
0 0.36171875 0.6175925925925926 0.140625 0.09722222222222222
0 0.39309895833333336 0.8134259259259259 0.13359375 0.14537037037037037
0 0.44635416666666666 0.9375 0.052083333333333336 0.06944444444444445
0 0.5903645833333333 0.9657407407407408 0.10104166666666667 0.06759259259259259
0 0.5110677083333334 0.8331018518518518 0.12578125 0.07546296296296297
0 0.4940104166666667 0.9013888888888889 0.04375 0.037037037037037035
0 0.55390625 0.9259259259259259 0.08177083333333333 0.09537037037037037
0 0.6486979166666667 0.8324074074074074 0.1125 0.14444444444444443
0 0.7095052083333333 0.7289351851851852 0.04401041666666667 0.06157407407407407
0 0.626171875 0.6226851851851852 0.10442708333333334 0.09907407407407408
0 0.5516927083333333 0.4465277777777778 0.10546875 0.08935185185185185
0 0.6705729166666666 0.5254629629629629 0.059375 0.15462962962962962
0 0.7678385416666667 0.44212962962962965 0.19817708333333334 0.14722222222222223
0 0.88359375 0.4738425925925926 0.08333333333333333 0.0699074074074074
0 0.779296875 0.6136574074074074 0.13723958333333333 0.08842592592592592
0 0.8348958333333333 0.6759259259259259 0.13229166666666667 0.12037037037037036
0 0.7544270833333333 0.7439814814814815 0.0046875 0.013888888888888888
0 0.8970052083333333 0.7479166666666667 0.07526041666666666 0.05324074074074074
0 0.9725260416666667 0.5974537037037037 0.054947916666666666 0.06898148148148148
0 0.9529947916666667 0.6604166666666667 0.09401041666666667 0.07546296296296297
0 0.966015625 0.7462962962962963 0.06796875 0.075
0 0.9606770833333333 0.8868055555555555 0.019270833333333334 0.01990740740740741
0 0.8759114583333333 0.843287037037037 0.025260416666666667 0.05694444444444444
0 0.41067708333333336 0.7023148148148148 0.1015625 0.06481481481481481
0 0.4671875 0.68125 0.0375 0.04583333333333333
0 0.5114583333333333 0.6719907407407407 0.06770833333333333 0.07824074074074074
0 0.5130208333333334 0.7143518518518519 0.035416666666666666 0.026851851851851852
0 0.5151041666666667 0.6212962962962963 0.015104166666666667 0.019444444444444445
0 0.9830729166666666 0.9111111111111111 0.011979166666666667 0.014814814814814815
0 0.8408854166666667 0.9768518518518519 0.0953125 0.046296296296296294
0 0.6794270833333333 0.6291666666666667 0.013020833333333334 0.030555555555555555
0 0.578125 0.6578703703703703 0.004166666666666667 0.008333333333333333
0 0.033854166666666664 0.9263888888888889 0.06770833333333333 0.13240740740740742
0 0.528125 0.9527777777777777 0.03229166666666667 0.08888888888888889
