0 0.21809895833333334 0.49421296296296297 0.022135416666666668 0.03287037037037037
0 0.22864583333333333 0.6537037037037037 0.026041666666666668 0.03148148148148148
0 0.40716145833333334 0.6331018518518519 0.012760416666666666 0.031018518518518518
0 0.5192708333333333 0.5576388888888889 0.0171875 0.031018518518518518
0 0.4680989583333333 0.594212962962963 0.011197916666666667 0.0412037037037037
0 0.472265625 0.64375 0.028385416666666666 0.031018518518518518
0 0.48541666666666666 0.6856481481481481 0.019791666666666666 0.03148148148148148
0 0.535546875 0.6837962962962963 0.01015625 0.030555555555555555
0 0.5759114583333333 0.6541666666666667 0.02734375 0.030555555555555555
0 0.6345052083333333 0.7539351851851852 0.08984375 0.08009259259259259
0 0.39544270833333334 0.9050925925925926 0.028385416666666666 0.03333333333333333
0 0.39140625 0.8173611111111111 0.035416666666666666 0.02824074074074074
0 0.2501302083333333 0.762962962962963 0.030989583333333334 0.021296296296296296
0 0.228125 0.7768518518518519 0.027604166666666666 0.032407407407407406
0 0.212890625 0.7518518518518519 0.045572916666666664 0.037037037037037035
0 0.096875 0.6712962962962963 0.0390625 0.03425925925925926
0 0.13736979166666666 0.63125 0.01328125 0.01898148148148148
0 0.10299479166666667 0.8208333333333333 0.03619791666666667 0.041666666666666664
0 0.044661458333333334 0.7138888888888889 0.032552083333333336 0.027777777777777776
0 0.03359375 0.8240740740740741 0.022395833333333334 0.046296296296296294
0 0.008723958333333334 0.9386574074074074 0.017447916666666667 0.043055555555555555
0 0.018619791666666666 0.9854166666666667 0.03723958333333333 0.029166666666666667
