0 0.21354166666666666 0.41712962962962963 0.03229166666666667 0.02962962962962963
0 0.2015625 0.4148148148148148 0.016666666666666666 0.025925925925925925
0 0.1109375 0.4310185185185185 0.010416666666666666 0.026851851851851852
0 0.1265625 0.43472222222222223 0.015625 0.01574074074074074
0 0.09270833333333334 0.43333333333333335 0.011458333333333333 0.012962962962962963
0 0.08333333333333333 0.46805555555555556 0.011458333333333333 0.028703703703703703
0 0.09427083333333333 0.45694444444444443 0.016666666666666666 0.026851851851851852
0 0.17682291666666666 0.4824074074074074 0.018229166666666668 0.024074074074074074
0 0.08072916666666667 0.3962962962962963 0.03125 0.027777777777777776
0 0.11927083333333334 0.40555555555555556 0.0375 0.03333333333333333
0 0.140625 0.3736111111111111 0.020833333333333332 0.019444444444444445
0 0.15703125 0.3824074074074074 0.0140625 0.024074074074074074
0 0.03958333333333333 0.3638888888888889 0.023958333333333335 0.025925925925925925
0 0.6580729166666667 0.4425925925925926 0.0328125 0.04814814814814815
0 0.6752604166666667 0.4777777777777778 0.04114583333333333 0.06296296296296296
0 0.7119791666666667 0.487962962962963 0.040625 0.06111111111111111
0 0.6354166666666666 0.4097222222222222 0.03125 0.028703703703703703
0 0.3078125 0.36527777777777776 0.014583333333333334 0.028703703703703703
