0 0.19830729166666666 0.3909722222222222 0.03723958333333333 0.06435185185185185
0 0.08359375 0.4324074074074074 0.040625 0.1
0 0.081640625 0.2847222222222222 0.029947916666666668 0.05740740740740741
0 0.26263020833333334 0.4351851851851852 0.025260416666666667 0.07962962962962963
0 0.3924479166666667 0.3650462962962963 0.03958333333333333 0.0837962962962963
0 0.09192708333333334 0.14629629629629629 0.03697916666666667 0.04722222222222222
0 0.0069010416666666664 0.12476851851851851 0.013802083333333333 0.04953703703703704
0 0.35989583333333336 0.04375 0.13072916666666667 0.0875
0 0.8395833333333333 0.2523148148148148 0.0734375 0.05277777777777778
0 0.8861979166666667 0.2775462962962963 0.027604166666666666 0.04861111111111111
