0 0.9139322916666667 0.3909722222222222 0.08359375 0.07268518518518519
0 0.7908854166666667 0.6502314814814815 0.315625 0.23657407407407408
0 0.42578125 0.9611111111111111 0.190625 0.07777777777777778
0 0.50859375 0.8490740740740741 0.30885416666666665 0.23425925925925925
0 0.6975260416666667 0.7539351851851852 0.09401041666666667 0.10138888888888889
0 0.37395833333333334 0.7462962962962963 0.13958333333333334 0.1259259259259259
0 0.2889322916666667 0.8201388888888889 0.24505208333333334 0.18194444444444444
0 0.07018229166666666 0.8858796296296296 0.14036458333333332 0.17083333333333334
0 0.533203125 0.46620370370370373 0.09244791666666667 0.21481481481481482
0 0.4803385416666667 0.7199074074074074 0.16901041666666666 0.1814814814814815
0 0.4432291666666667 0.6208333333333333 0.065625 0.07685185185185185
0 0.494140625 0.6488425925925926 0.17578125 0.2587962962962963
0 0.4518229166666667 0.48703703703703705 0.10052083333333334 0.11296296296296296
0 0.19700520833333332 0.6296296296296297 0.14296875 0.12777777777777777
0 0.20859375 0.5576388888888889 0.1234375 0.10231481481481482
0 0.288671875 0.5756944444444444 0.06067708333333333 0.25787037037037036
0 0.35768229166666665 0.3625 0.12473958333333333 0.7101851851851851
0 0.353125 0.30787037037037035 0.21822916666666667 0.20277777777777778
0 0.129296875 0.28912037037037036 0.12473958333333333 0.25787037037037036
0 0.18776041666666668 0.2671296296296296 0.0921875 0.10092592592592593
0 0.07526041666666666 0.4305555555555556 0.15052083333333333 0.14166666666666666
0 0.46171875 0.5569444444444445 0.11302083333333333 0.11574074074074074
