0 0.223046875 0.26319444444444445 0.03359375 0.04212962962962963
0 0.310546875 0.2363425925925926 0.029427083333333333 0.03657407407407407
0 0.3358072916666667 0.22546296296296298 0.02109375 0.02962962962962963
0 0.423828125 0.34421296296296294 0.02890625 0.04861111111111111
0 0.22018229166666667 0.31550925925925927 0.01328125 0.04027777777777778
0 0.09244791666666667 0.2847222222222222 0.017708333333333333 0.05555555555555555
0 0.014973958333333334 0.3574074074074074 0.024739583333333332 0.041666666666666664
0 0.8567708333333334 0.8782407407407408 0.06614583333333333 0.05185185185185185
0 0.658984375 0.8252314814814815 0.029947916666666668 0.04675925925925926
0 0.9911458333333333 0.5976851851851852 0.017708333333333333 0.05462962962962963
0 0.9546875 0.6972222222222222 0.023958333333333335 0.037037037037037035
0 0.7208333333333333 0.6534722222222222 0.035416666666666666 0.03935185185185185
0 0.48346354166666666 0.46782407407407406 0.02109375 0.04675925925925926
0 0.64453125 0.5958333333333333 0.0265625 0.028703703703703703
0 0.7697916666666667 0.6393518518518518 0.029166666666666667 0.041666666666666664
0 0.7375 0.8662037037037037 0.03125 0.041666666666666664
0 0.8515625 0.4949074074074074 0.013541666666666667 0.03425925925925926
