0 0.08177083333333333 0.6925925925925925 0.16354166666666667 0.6148148148148148
0 0.32734375 0.9622685185185185 0.07083333333333333 0.07546296296296297
0 0.79453125 0.7620370370370371 0.04114583333333333 0.04814814814814815
0 0.8786458333333333 0.8618055555555556 0.24270833333333333 0.26342592592592595
0 0.5463541666666667 0.7333333333333333 0.0921875 0.08611111111111111
0 0.5997395833333333 0.6226851851851852 0.10885416666666667 0.10277777777777777
0 0.666796875 0.580324074074074 0.05651041666666667 0.13564814814814816
0 0.7255208333333333 0.5967592592592592 0.10885416666666667 0.12407407407407407
0 0.6389322916666667 0.5407407407407407 0.09192708333333334 0.09259259259259259
0 0.5270833333333333 0.6050925925925926 0.0625 0.1175925925925926
0 0.47890625 0.6509259259259259 0.0703125 0.15925925925925927
0 0.40338541666666666 0.5935185185185186 0.06145833333333333 0.13703703703703704
0 0.45221354166666666 0.48680555555555555 0.16067708333333333 0.10694444444444444
0 0.5536458333333333 0.4310185185185185 0.10520833333333333 0.10648148148148148
0 0.58046875 0.5027777777777778 0.08541666666666667 0.08518518518518518
0 0.657421875 0.3627314814814815 0.05026041666666667 0.15416666666666667
0 0.6555989583333334 0.39282407407407405 0.14973958333333334 0.17546296296296296
0 0.73515625 0.3886574074074074 0.058333333333333334 0.14953703703703702
0 0.70234375 0.47129629629629627 0.09635416666666667 0.12222222222222222
0 0.822265625 0.38680555555555557 0.12213541666666666 0.13194444444444445
0 0.25 0.5430555555555555 0.0828125 0.11481481481481481
0 0.36302083333333335 0.47291666666666665 0.10520833333333333 0.18009259259259258
0 0.308203125 0.5120370370370371 0.08515625 0.10555555555555556
0 0.228515625 0.3923611111111111 0.11171875 0.17083333333333334
0 0.19192708333333333 0.2569444444444444 0.1015625 0.14166666666666666
0 0.09778645833333334 0.11643518518518518 0.11640625 0.11805555555555555
0 0.17395833333333333 0.03796296296296296 0.065625 0.07592592592592592
0 0.4962239583333333 0.1502314814814815 0.13880208333333333 0.12453703703703704
0 0.55703125 0.15486111111111112 0.04479166666666667 0.056018518518518516
0 0.619921875 0.12384259259259259 0.07994791666666666 0.09398148148148149
0 0.7309895833333333 0.26273148148148145 0.07760416666666667 0.08657407407407407
0 0.48020833333333335 0.3453703703703704 0.109375 0.15
0 0.40546875 0.26087962962962963 0.0703125 0.14583333333333334
0 0.34348958333333335 0.2412037037037037 0.1140625 0.12129629629629629
0 0.30104166666666665 0.29467592592592595 0.10520833333333333 0.08842592592592592
0 0.3377604166666667 0.3851851851851852 0.1 0.13425925925925927
0 0.5880208333333333 0.16064814814814815 0.025 0.04351851851851852
0 0.5466145833333333 0.5407407407407407 0.1078125 0.07407407407407407
0 0.6075520833333333 0.47175925925925927 0.09739583333333333 0.075
0 0.56875 0.2810185185185185 0.0375 0.10277777777777777
0 0.5565104166666667 0.22407407407407406 0.04010416666666667 0.04259259259259259
0 0.5466145833333333 0.2986111111111111 0.059895833333333336 0.10833333333333334
0 0.013020833333333334 0.11203703703703703 0.026041666666666668 0.05925925925925926
0 0.12265625 0.022222222222222223 0.07760416666666667 0.044444444444444446
0 0.20234375 0.4361111111111111 0.08802083333333334 0.1425925925925926
0 0.35494791666666664 0.2 0.1109375 0.08518518518518518
0 0.25104166666666666 0.46574074074074073 0.003125 0.007407407407407408
0 0.3346354166666667 0.5740740740740741 0.03177083333333333 0.06851851851851852
0 0.36276041666666664 0.5611111111111111 0.024479166666666666 0.06111111111111111
0 0.2638020833333333 0.23472222222222222 0.04635416666666667 0.08611111111111111
0 0.3109375 0.37962962962962965 0.1 0.12407407407407407
