0 0.120703125 0.7173611111111111 0.21067708333333332 0.1597222222222222
0 0.42213541666666665 0.31319444444444444 0.0171875 0.01990740740740741
0 0.43697916666666664 0.29212962962962963 0.011458333333333333 0.022222222222222223
0 0.44505208333333335 0.1912037037037037 0.0109375 0.013888888888888888
0 0.5088541666666667 0.21574074074074073 0.013541666666666667 0.018518518518518517
0 0.5298177083333333 0.1763888888888889 0.06380208333333333 0.05555555555555555
0 0.25221354166666665 0.23541666666666666 0.009635416666666667 0.015277777777777777
0 0.21302083333333333 0.19421296296296298 0.0140625 0.0125
0 0.13333333333333333 0.16319444444444445 0.016145833333333335 0.018055555555555554
0 0.05950520833333333 0.21481481481481482 0.01171875 0.013888888888888888
0 0.024739583333333332 0.2273148148148148 0.009895833333333333 0.002777777777777778
0 0.021875 0.15578703703703703 0.018229166666666668 0.016203703703703703
0 0.35572916666666665 0.1699074074074074 0.009375 0.017592592592592594
0 0.7513020833333334 0.2412037037037037 0.015104166666666667 0.025925925925925925
0 0.80078125 0.22453703703703703 0.015104166666666667 0.017592592592592594
0 0.8802083333333334 0.2800925925925926 0.010416666666666666 0.013888888888888888
0 0.83203125 0.5560185185185185 0.0578125 0.041666666666666664
0 0.15651041666666668 0.8564814814814815 0.0390625 0.07407407407407407
0 0.67265625 0.23148148148148148 0.0234375 0.03333333333333333
0 0.061197916666666664 0.2023148148148148 0.013020833333333334 0.013888888888888888
0 0.02109375 0.2273148148148148 0.009895833333333333 0.021296296296296296
0 0.36666666666666664 0.8439814814814814 0.04375 0.10092592592592593
