0 0.365625 0.30486111111111114 0.0390625 0.0375
0 0.5393229166666667 0.6025462962962963 0.03333333333333333 0.033796296296296297
0 0.4830729166666667 0.5740740740740741 0.044270833333333336 0.037037037037037035
0 0.3904947916666667 0.3814814814814815 0.01328125 0.028703703703703703
0 0.35911458333333335 0.355787037037037 0.008854166666666666 0.02361111111111111
0 0.46432291666666664 0.8842592592592593 0.0578125 0.05555555555555555
0 0.41380208333333335 0.8692129629629629 0.121875 0.1087962962962963
0 0.2850260416666667 0.9046296296296297 0.13880208333333333 0.13425925925925927
0 0.3182291666666667 0.9592592592592593 0.020833333333333332 0.08148148148148149
0 0.146875 0.9824074074074074 0.1265625 0.03518518518518519
0 0.14908854166666666 0.9372685185185186 0.04244791666666667 0.02638888888888889
0 0.041276041666666666 0.9085648148148148 0.07838541666666667 0.06435185185185185
0 0.08385416666666666 0.8768518518518519 0.071875 0.046296296296296294
0 0.09270833333333334 0.8245370370370371 0.125 0.13425925925925927
0 0.3645833333333333 0.7604166666666666 0.11770833333333333 0.14027777777777778
0 0.11731770833333334 0.39166666666666666 0.05755208333333333 0.058333333333333334
0 0.4283854166666667 0.33958333333333335 0.036458333333333336 0.03194444444444444
0 0.7264322916666667 0.58125 0.014322916666666666 0.02824074074074074
0 0.8697916666666666 0.9787037037037037 0.128125 0.040740740740740744
0 0.6096354166666667 0.4666666666666667 0.0140625 0.016666666666666666
