0 0.03619791666666667 0.3962962962962963 0.025520833333333333 0.024074074074074074
0 0.020703125 0.39282407407407405 0.04140625 0.04675925925925926
0 0.005989583333333334 0.3194444444444444 0.011979166666666667 0.027777777777777776
0 0.027083333333333334 0.30115740740740743 0.0453125 0.027314814814814816
0 0.20104166666666667 0.32083333333333336 0.03802083333333333 0.03425925925925926
0 0.19088541666666667 0.2388888888888889 0.008854166666666666 0.025925925925925925
0 0.22265625 0.2111111111111111 0.058854166666666666 0.041666666666666664
0 0.26458333333333334 0.1076388888888889 0.03333333333333333 0.043055555555555555
0 0.284375 0.14884259259259258 0.036458333333333336 0.06157407407407407
0 0.3307291666666667 0.10856481481481481 0.01875 0.029166666666666667
0 0.36380208333333336 0.20856481481481481 0.035416666666666666 0.03194444444444444
0 0.2649739583333333 0.29375 0.05026041666666667 0.04675925925925926
0 0.2994791666666667 0.2986111111111111 0.0453125 0.03888888888888889
0 0.352734375 0.28912037037037036 0.047135416666666666 0.034722222222222224
0 0.407421875 0.1988425925925926 0.029427083333333333 0.033796296296296297
0 0.4158854166666667 0.15902777777777777 0.03125 0.03194444444444444
0 0.44088541666666664 0.05115740740740741 0.011458333333333333 0.038425925925925926
0 0.466015625 0.10231481481481482 0.024739583333333332 0.030555555555555555
0 0.466796875 0.14699074074074073 0.04401041666666667 0.04027777777777778
0 0.4309895833333333 0.2337962962962963 0.044270833333333336 0.03148148148148148
0 0.4908854166666667 0.2324074074074074 0.05 0.030555555555555555
0 0.5704427083333333 0.2986111111111111 0.047135416666666666 0.041666666666666664
0 0.5985677083333333 0.32893518518518516 0.03671875 0.04490740740740741
0 0.62421875 0.33935185185185185 0.0234375 0.03148148148148148
0 0.6424479166666667 0.3104166666666667 0.04114583333333333 0.05694444444444444
0 0.5971354166666667 0.22685185185185186 0.04583333333333333 0.03425925925925926
0 0.6985677083333334 0.19328703703703703 0.03463541666666667 0.0375
0 0.75 0.22199074074074074 0.018229166666666668 0.029166666666666667
0 0.7618489583333333 0.2516203703703704 0.030989583333333334 0.038425925925925926
0 0.62734375 0.40370370370370373 0.04375 0.05648148148148148
0 0.4141927083333333 0.019675925925925927 0.013802083333333333 0.03935185185185185
0 0.4432291666666667 0.2773148148148148 0.042708333333333334 0.028703703703703703
