0 0.3944010416666667 0.6164351851851851 0.08255208333333333 0.06898148148148148
0 0.49609375 0.5925925925925926 0.013020833333333334 0.020370370370370372
0 0.53203125 0.5821759259259259 0.03125 0.0375
0 0.6979166666666666 0.6782407407407407 0.03958333333333333 0.04351851851851852
0 0.9567708333333333 0.961574074074074 0.08645833333333333 0.07685185185185185
0 0.9641927083333334 0.9004629629629629 0.07161458333333333 0.08981481481481482
0 0.8731770833333333 0.6800925925925926 0.07447916666666667 0.05462962962962963
0 0.8307291666666666 0.7087962962962963 0.026041666666666668 0.03796296296296296
0 0.42578125 0.5398148148148149 0.050520833333333334 0.08518518518518518
0 0.020572916666666666 0.6013888888888889 0.0390625 0.041666666666666664
0 0.6880208333333333 0.600925925925926 0.04895833333333333 0.053703703703703705
0 0.7734375 0.75 0.0020833333333333333 0.007407407407407408
0 0.7388020833333333 0.6236111111111111 0.044270833333333336 0.04351851851851852
0 0.9268229166666667 0.8328703703703704 0.04114583333333333 0.08425925925925926
