0 0.5444010416666667 0.8905092592592593 0.09296875 0.21898148148148147
0 0.7756510416666667 0.8168981481481481 0.10182291666666667 0.08472222222222223
0 0.8259114583333333 0.6833333333333333 0.030989583333333334 0.06759259259259259
0 0.8682291666666667 0.6555555555555556 0.04635416666666667 0.05925925925925926
0 0.8885416666666667 0.98125 0.07864583333333333 0.03657407407407407
0 0.649609375 0.6094907407407407 0.055989583333333336 0.043055555555555555
0 0.516015625 0.5548611111111111 0.03463541666666667 0.034722222222222224
0 0.6740885416666667 0.4516203703703704 0.06640625 0.09675925925925925
0 0.618359375 0.24351851851851852 0.06744791666666666 0.053703703703703705
0 0.23177083333333334 0.7921296296296296 0.08072916666666667 0.05277777777777778
0 0.2735677083333333 0.7569444444444444 0.047135416666666666 0.06018518518518518
0 0.15989583333333332 0.7238425925925925 0.04739583333333333 0.050462962962962966
0 0.10703125 0.7430555555555556 0.07083333333333333 0.05925925925925926
0 0.063671875 0.7641203703703704 0.022135416666666668 0.0587962962962963
0 0.03229166666666667 0.7289351851851852 0.028125 0.05787037037037037
0 0.17317708333333334 0.6497685185185185 0.028645833333333332 0.03564814814814815
0 0.17526041666666667 0.66875 0.01875 0.04398148148148148
0 0.0296875 0.8006944444444445 0.059375 0.08009259259259259
0 0.11067708333333333 0.47291666666666665 0.022395833333333334 0.02638888888888889
0 0.035807291666666664 0.4701388888888889 0.038802083333333334 0.04398148148148148
0 0.019401041666666667 0.44074074074074077 0.029947916666666668 0.06296296296296296
0 0.020833333333333332 0.37083333333333335 0.03229166666666667 0.03888888888888889
0 0.05677083333333333 0.32893518518518516 0.0359375 0.0412037037037037
0 0.06888020833333333 0.3574074074074074 0.032552083333333336 0.03333333333333333
0 0.068359375 0.3888888888888889 0.06171875 0.05462962962962963
0 0.24557291666666667 0.34328703703703706 0.04895833333333333 0.059722222222222225
0 0.2830729166666667 0.8694444444444445 0.021354166666666667 0.05555555555555555
0 0.1671875 0.9740740740740741 0.041666666666666664 0.05185185185185185
0 0.029166666666666667 0.5268518518518519 0.058333333333333334 0.07592592592592592
0 0.8731770833333333 0.7087962962962963 0.03802083333333333 0.062037037037037036
0 0.92734375 0.04722222222222222 0.034895833333333334 0.037037037037037035
0 0.8921875 0.02546296296296296 0.026041666666666668 0.030555555555555555
