0 0.57421875 0.022222222222222223 0.09114583333333333 0.044444444444444446
0 0.7334635416666667 0.39189814814814816 0.03515625 0.050462962962962966
0 0.744140625 0.3400462962962963 0.04140625 0.03009259259259259
0 0.6407552083333333 0.5131944444444444 0.13359375 0.10416666666666667
0 0.7397135416666667 0.7840277777777778 0.07838541666666667 0.07731481481481481
0 0.04440104166666667 0.44583333333333336 0.06432291666666666 0.06481481481481481
0 0.09479166666666666 0.3502314814814815 0.07291666666666667 0.05138888888888889
0 0.23424479166666667 0.3770833333333333 0.055989583333333336 0.04027777777777778
0 0.17994791666666668 0.4043981481481482 0.058854166666666666 0.04027777777777778
0 0.370703125 0.41875 0.06796875 0.056018518518518516
0 0.22721354166666666 0.48703703703703705 0.048177083333333336 0.032407407407407406
0 0.15572916666666667 0.55 0.06979166666666667 0.05555555555555555
0 0.2947916666666667 0.38472222222222224 0.027083333333333334 0.05092592592592592
0 0.14322916666666666 0.3851851851851852 0.028125 0.040740740740740744
