0 0.744921875 0.42268518518518516 0.16432291666666668 0.2972222222222222
0 0.5295572916666667 0.5583333333333333 0.08776041666666666 0.2101851851851852
0 0.23984375 0.45023148148148145 0.08854166666666667 0.08472222222222223
0 0.11549479166666667 0.3907407407407407 0.13411458333333334 0.06759259259259259
0 0.10924479166666666 0.5097222222222222 0.05390625 0.12222222222222222
0 0.051953125 0.5150462962962963 0.10390625 0.050462962962962966
0 0.005989583333333334 0.6319444444444444 0.011979166666666667 0.028703703703703703
0 0.038411458333333336 0.6504629629629629 0.03046875 0.06296296296296296
0 0.19830729166666666 0.6145833333333334 0.054427083333333334 0.05694444444444444
0 0.01015625 0.75625 0.0203125 0.04583333333333333
0 0.20182291666666666 0.844212962962963 0.06510416666666667 0.03935185185185185
0 0.21666666666666667 0.8770833333333333 0.0625 0.0412037037037037
0 0.22044270833333332 0.9254629629629629 0.04140625 0.040740740740740744
0 0.30911458333333336 0.8905092592592593 0.04479166666666667 0.03564814814814815
0 0.02578125 0.9613425925925926 0.028125 0.060648148148148145
0 0.33697916666666666 0.7680555555555556 0.14791666666666667 0.18333333333333332
0 0.5063802083333333 0.8525462962962963 0.02734375 0.05694444444444444
0 0.5359375 0.8569444444444444 0.022395833333333334 0.053703703703703705
0 0.5985677083333333 0.8800925925925925 0.04765625 0.05277777777777778
0 0.6458333333333334 0.8546296296296296 0.22552083333333334 0.262037037037037
0 0.6704427083333333 0.7219907407407408 0.18307291666666667 0.14212962962962963
0 0.14192708333333334 0.975925925925926 0.06302083333333333 0.04814814814814815
