0 0.9571614583333333 0.12708333333333333 0.08567708333333333 0.16527777777777777
0 0.9705729166666667 0.2773148148148148 0.058854166666666666 0.10092592592592593
0 0.8661458333333333 0.29074074074074074 0.041666666666666664 0.06481481481481481
0 0.8912760416666666 0.41064814814814815 0.06484375 0.14629629629629629
0 0.83984375 0.016435185185185185 0.04895833333333333 0.03287037037037037
0 0.6002604166666666 0.015277777777777777 0.07864583333333333 0.030555555555555555
0 0.7158854166666667 0.1439814814814815 0.07604166666666666 0.125
0 0.7020833333333333 0.20162037037037037 0.06770833333333333 0.0625
0 0.7575520833333333 0.19791666666666666 0.027604166666666666 0.05416666666666667
0 0.8069010416666667 0.33194444444444443 0.061197916666666664 0.06851851851851852
0 0.7873697916666667 0.3611111111111111 0.04088541666666667 0.049074074074074076
0 0.7559895833333333 0.2659722222222222 0.07239583333333334 0.06435185185185185
0 0.6061197916666666 0.13055555555555556 0.07942708333333333 0.08518518518518518
0 0.585546875 0.12152777777777778 0.04140625 0.1625
0 0.4446614583333333 0.0712962962962963 0.03723958333333333 0.04814814814814815
0 0.310546875 0.024074074074074074 0.04401041666666667 0.04814814814814815
0 0.40651041666666665 0.1625 0.03697916666666667 0.05092592592592592
0 0.28880208333333335 0.08101851851851852 0.024479166666666666 0.03425925925925926
0 0.27825520833333334 0.293287037037037 0.33203125 0.19953703703703704
0 0.4524739583333333 0.28217592592592594 0.08932291666666667 0.13287037037037036
0 0.5813802083333334 0.37407407407407406 0.08619791666666667 0.09259259259259259
0 0.52109375 0.35509259259259257 0.0703125 0.08425925925925926
0 0.737109375 0.37754629629629627 0.045572916666666664 0.052314814814814814
0 0.707421875 0.38657407407407407 0.03984375 0.05
0 0.7625 0.4511574074074074 0.0453125 0.05416666666666667
0 0.7095052083333333 0.44930555555555557 0.09609375 0.09583333333333334
0 0.8069010416666667 0.5574074074074075 0.13046875 0.07037037037037037
0 0.851171875 0.7238425925925925 0.05807291666666667 0.08287037037037037
0 0.7408854166666666 0.638425925925926 0.06510416666666667 0.05648148148148148
0 0.6723958333333333 0.6872685185185186 0.08229166666666667 0.07083333333333333
0 0.65703125 0.6736111111111112 0.08489583333333334 0.06574074074074074
0 0.6268229166666667 0.6111111111111112 0.0546875 0.04259259259259259
0 0.6015625 0.6615740740740741 0.03229166666666667 0.08055555555555556
0 0.2609375 0.7909722222222222 0.0671875 0.059722222222222225
0 0.133203125 0.7159722222222222 0.21432291666666667 0.1865740740740741
0 0.11354166666666667 0.6057870370370371 0.10625 0.0875
0 0.14192708333333334 0.5675925925925925 0.11302083333333333 0.09259259259259259
0 0.026041666666666668 0.48125 0.052083333333333336 0.11527777777777778
0 0.2643229166666667 0.5087962962962963 0.1484375 0.2064814814814815
0 0.32421875 0.49166666666666664 0.05677083333333333 0.06851851851851852
0 0.3770833333333333 0.6333333333333333 0.065625 0.053703703703703705
0 0.4388020833333333 0.6662037037037037 0.1125 0.062037037037037036
0 0.5229166666666667 0.6078703703703704 0.08177083333333333 0.10185185185185185
0 0.6625 0.48217592592592595 0.12395833333333334 0.17916666666666667
0 0.608203125 0.5013888888888889 0.08723958333333333 0.14166666666666666
0 0.5109375 0.46087962962962964 0.10260416666666666 0.11157407407407408
0 0.524609375 0.5138888888888888 0.08203125 0.13796296296296295
0 0.6729166666666667 0.6208333333333333 0.034375 0.05462962962962963
0 0.4630208333333333 0.5402777777777777 0.08333333333333333 0.05277777777777778
0 0.3796875 0.537962962962963 0.052083333333333336 0.08333333333333333
0 0.42044270833333336 0.4706018518518518 0.09140625 0.060648148148148145
0 0.4569010416666667 0.5891203703703703 0.13828125 0.0875
0 0.49375 0.6652777777777777 0.059375 0.05277777777777778
0 0.5033854166666667 0.7287037037037037 0.050520833333333334 0.08703703703703704
0 0.4205729166666667 0.4 0.0734375 0.05925925925925926
