0 0.14388020833333334 0.8243055555555555 0.24192708333333332 0.1412037037037037
0 0.21002604166666666 0.46597222222222223 0.13828125 0.1050925925925926
0 0.4859375 0.4701388888888889 0.146875 0.10138888888888889
0 0.6713541666666667 0.43472222222222223 0.09479166666666666 0.14351851851851852
0 0.45598958333333334 0.32037037037037036 0.17916666666666667 0.12685185185185185
0 0.674609375 0.16203703703703703 0.06692708333333333 0.08796296296296297
0 0.266015625 0.26319444444444445 0.07161458333333333 0.05787037037037037
0 0.21119791666666668 0.22962962962962963 0.050520833333333334 0.046296296296296294
0 0.300390625 0.12777777777777777 0.04296875 0.03425925925925926
0 0.2953125 0.04652777777777778 0.020833333333333332 0.043055555555555555
0 0.1984375 0.12638888888888888 0.041666666666666664 0.032407407407407406
0 0.32916666666666666 0.125 0.016666666666666666 0.04259259259259259
0 0.6713541666666667 0.025925925925925925 0.040625 0.05185185185185185
