0 0.187890625 0.3784722222222222 0.11171875 0.10787037037037037
0 0.2649739583333333 0.2539351851851852 0.06171875 0.10416666666666667
0 0.33932291666666664 0.34976851851851853 0.1140625 0.16064814814814815
0 0.3575520833333333 0.5606481481481481 0.14322916666666666 0.1361111111111111
0 0.40390625 0.7592592592592593 0.19427083333333334 0.12685185185185185
0 0.8868489583333333 0.4583333333333333 0.02421875 0.030555555555555555
0 0.880859375 0.43472222222222223 0.017447916666666667 0.01574074074074074
0 0.7966145833333333 0.5284722222222222 0.026041666666666668 0.027314814814814816
0 0.81328125 0.41921296296296295 0.021354166666666667 0.02638888888888889
0 0.19713541666666667 0.5578703703703703 0.0671875 0.058333333333333334
