0 0.8208333333333333 0.2553240740740741 0.027604166666666666 0.03564814814814815
0 0.3067708333333333 0.9256944444444445 0.0921875 0.1486111111111111
0 0.7907552083333333 0.5983796296296297 0.05234375 0.047685185185185185
0 0.954296875 0.6590277777777778 0.05755208333333333 0.04027777777777778
0 0.9516927083333333 0.6314814814814815 0.04453125 0.05
0 0.5869791666666667 0.3611111111111111 0.01875 0.03611111111111111
0 0.30182291666666666 0.3527777777777778 0.0140625 0.020370370370370372
0 0.6479166666666667 0.5208333333333334 0.040625 0.03796296296296296
0 0.7213541666666666 0.5388888888888889 0.021875 0.04259259259259259
0 0.37643229166666664 0.46273148148148147 0.045572916666666664 0.055092592592592596
0 0.0671875 0.4166666666666667 0.06979166666666667 0.05555555555555555
