0 0.08385416666666666 0.11574074074074074 0.04895833333333333 0.03425925925925926
0 0.08880208333333334 0.16157407407407406 0.03802083333333333 0.025
0 0.039453125 0.12939814814814815 0.040364583333333336 0.04212962962962963
0 0.06158854166666667 0.18310185185185185 0.11171875 0.08287037037037037
0 0.20546875 0.17708333333333334 0.0546875 0.07175925925925926
0 0.1453125 0.10856481481481481 0.08229166666666667 0.06342592592592593
0 0.161328125 0.17569444444444443 0.12005208333333334 0.10601851851851851
0 0.151953125 0.23148148148148148 0.07057291666666667 0.05277777777777778
0 0.16705729166666666 0.2759259259259259 0.08463541666666667 0.049074074074074076
0 0.10755208333333334 0.29467592592592595 0.10833333333333334 0.07824074074074074
0 0.2484375 0.3194444444444444 0.1 0.05740740740740741
0 0.24921875 0.3560185185185185 0.0953125 0.06018518518518518
0 0.2916666666666667 0.32314814814814813 0.0625 0.04814814814814815
0 0.329296875 0.3074074074074074 0.05130208333333333 0.053703703703703705
0 0.318359375 0.25625 0.040364583333333336 0.03657407407407407
0 0.295703125 0.2775462962962963 0.04140625 0.03287037037037037
0 0.31666666666666665 0.2523148148148148 0.078125 0.06111111111111111
0 0.3859375 0.26458333333333334 0.030729166666666665 0.06527777777777778
0 0.4498697916666667 0.31550925925925927 0.05078125 0.04027777777777778
0 0.395703125 0.34097222222222223 0.04869791666666667 0.03935185185185185
0 0.489453125 0.4363425925925926 0.05390625 0.03287037037037037
0 0.4544270833333333 0.4083333333333333 0.052083333333333336 0.05185185185185185
0 0.4498697916666667 0.3798611111111111 0.05755208333333333 0.04583333333333333
0 0.532421875 0.36712962962962964 0.06744791666666666 0.05
0 0.555859375 0.4238425925925926 0.04765625 0.03287037037037037
0 0.5696614583333334 0.4740740740740741 0.054427083333333334 0.037037037037037035
0 0.6368489583333333 0.5074074074074074 0.03463541666666667 0.05462962962962963
0 0.6471354166666666 0.44675925925925924 0.07447916666666667 0.07037037037037037
0 0.65625 0.4759259259259259 0.059375 0.05740740740740741
0 0.641015625 0.3951388888888889 0.062239583333333334 0.059722222222222225
0 0.6609375 0.3747685185185185 0.040625 0.06620370370370371
0 0.7141927083333334 0.4039351851851852 0.02109375 0.03657407407407407
0 0.7108072916666667 0.4840277777777778 0.05755208333333333 0.0587962962962963
0 0.7592447916666667 0.5405092592592593 0.02890625 0.07453703703703704
0 0.8072916666666666 0.4997685185185185 0.04635416666666667 0.05787037037037037
0 0.8684895833333334 0.4585648148148148 0.036458333333333336 0.03287037037037037
0 0.929296875 0.5185185185185185 0.03567708333333333 0.030555555555555555
0 0.7421875 0.7553240740740741 0.050520833333333334 0.07175925925925926
0 0.8373697916666667 0.6504629629629629 0.06848958333333334 0.04814814814814815
0 0.9130208333333333 0.7048611111111112 0.0171875 0.020833333333333332
0 0.9477864583333333 0.6939814814814815 0.030989583333333334 0.03518518518518519
0 0.9716145833333333 0.7462962962962963 0.011458333333333333 0.017592592592592594
0 0.98828125 0.7342592592592593 0.015625 0.022222222222222223
0 0.9790364583333333 0.46805555555555556 0.04192708333333333 0.046296296296296294
0 0.5190104166666667 0.4773148148148148 0.0265625 0.023148148148148147
0 0.9065104166666667 0.7847222222222222 0.0067708333333333336 0.028703703703703703
0 0.9571614583333333 0.7712962962962963 0.015885416666666666 0.01574074074074074
0 0.93359375 0.7601851851851852 0.018229166666666668 0.022222222222222223
0 0.9473958333333333 0.7583333333333333 0.007291666666666667 0.02962962962962963
0 0.9584635416666667 0.8108796296296297 0.02578125 0.03287037037037037
0 0.39791666666666664 0.24537037037037038 0.016666666666666666 0.03333333333333333
0 0.9856770833333334 0.7490740740740741 0.028645833333333332 0.046296296296296294
0 0.9513020833333333 0.6240740740740741 0.04739583333333333 0.03333333333333333
0 0.6135416666666667 0.4287037037037037 0.026041666666666668 0.053703703703703705
