0 0.0296875 0.8379629629629629 0.059375 0.13240740740740742
0 0.06536458333333334 0.5935185185185186 0.04791666666666667 0.10277777777777777
0 0.117578125 0.7150462962962963 0.17213541666666668 0.10324074074074074
0 0.2557291666666667 0.6574074074074074 0.1421875 0.10740740740740741
0 0.3360677083333333 0.6405092592592593 0.04401041666666667 0.06342592592592593
0 0.18463541666666666 0.5247685185185185 0.146875 0.08935185185185185
0 0.23723958333333334 0.4060185185185185 0.12135416666666667 0.10185185185185185
0 0.40091145833333336 0.5988425925925925 0.01171875 0.01712962962962963
0 0.37890625 0.6421296296296296 0.0234375 0.03425925925925926
0 0.331640625 0.8266203703703704 0.09453125 0.12453703703703704
0 0.37864583333333335 0.7097222222222223 0.08385416666666666 0.06944444444444445
0 0.44283854166666664 0.4981481481481482 0.04505208333333333 0.03981481481481482
0 0.498828125 0.4664351851851852 0.13098958333333333 0.08657407407407407
0 0.50546875 0.5377314814814815 0.084375 0.14212962962962963
0 0.5736979166666667 0.6817129629629629 0.05677083333333333 0.07731481481481481
0 0.6259114583333333 0.687962962962963 0.06432291666666666 0.06481481481481481
0 0.623046875 0.6300925925925925 0.10807291666666667 0.08888888888888889
0 0.7427083333333333 0.6219907407407408 0.11197916666666667 0.10787037037037037
0 0.6704427083333333 0.725925925925926 0.05130208333333333 0.06018518518518518
0 0.8252604166666667 0.6872685185185186 0.11875 0.12824074074074074
0 0.85 0.7523148148148148 0.043229166666666666 0.06111111111111111
0 0.916796875 0.8800925925925925 0.06796875 0.0962962962962963
0 0.801171875 0.8185185185185185 0.12421875 0.09537037037037037
0 0.7052083333333333 0.9064814814814814 0.13385416666666666 0.09351851851851851
0 0.6865885416666667 0.8435185185185186 0.07994791666666666 0.09259259259259259
0 0.632421875 0.825462962962963 0.08411458333333334 0.12129629629629629
0 0.520703125 0.9467592592592593 0.10390625 0.09259259259259259
0 0.432421875 0.9518518518518518 0.06276041666666667 0.06018518518518518
0 0.703515625 0.44930555555555557 0.20911458333333333 0.18101851851851852
0 0.974609375 0.7550925925925925 0.05078125 0.07962962962962963
0 0.9481770833333333 0.6578703703703703 0.10364583333333334 0.07685185185185185
0 0.9236979166666667 0.4675925925925926 0.12395833333333334 0.08888888888888889
0 0.19661458333333334 0.9518518518518518 0.0984375 0.07037037037037037
0 0.37421875 0.9574074074074074 0.043229166666666666 0.03148148148148148
0 0.9510416666666667 0.7606481481481482 0.034375 0.049074074074074076
0 0.9916666666666667 0.8087962962962963 0.016666666666666666 0.017592592592592594
0 0.9903645833333333 0.8578703703703704 0.0109375 0.04351851851851852
0 0.9546875 0.8472222222222222 0.014583333333333334 0.03888888888888889
0 0.9658854166666667 0.8134259259259259 0.0078125 0.023148148148148147
0 0.75859375 0.7421296296296296 0.0171875 0.021296296296296296
0 0.7200520833333334 0.6861111111111111 0.013020833333333334 0.03333333333333333
0 0.7604166666666666 0.6587962962962963 0.007291666666666667 0.017592592592592594
0 0.3768229166666667 0.6333333333333333 0.009895833333333333 0.011111111111111112
0 0.35520833333333335 0.6111111111111112 0.0125 0.009259259259259259
0 0.25494791666666666 0.5708333333333333 0.011979166666666667 0.025
0 0.07708333333333334 0.6768518518518518 0.06041666666666667 0.03518518518518519
0 0.10755208333333334 0.825 0.008854166666666666 0.024074074074074074
0 0.0171875 0.725925925925926 0.009375 0.011111111111111112
