0 0.415625 0.9263888888888889 0.034375 0.030555555555555555
0 0.408203125 0.9016203703703703 0.02890625 0.02824074074074074
0 0.446875 0.9724537037037037 0.041666666666666664 0.04675925925925926
0 0.4772135416666667 0.9516203703703704 0.020052083333333335 0.04027777777777778
0 0.458203125 0.9273148148148148 0.02734375 0.03981481481481482
0 0.4453125 0.88125 0.034375 0.043055555555555555
0 0.44049479166666666 0.8449074074074074 0.025260416666666667 0.02962962962962963
0 0.41184895833333335 0.8319444444444445 0.029947916666666668 0.024074074074074074
0 0.4772135416666667 0.8629629629629629 0.022135416666666668 0.030555555555555555
0 0.466796875 0.8377314814814815 0.01953125 0.029166666666666667
0 0.4842447916666667 0.8444444444444444 0.01953125 0.03333333333333333
0 0.47122395833333336 0.7895833333333333 0.021614583333333333 0.02175925925925926
0 0.4993489583333333 0.7622685185185185 0.02265625 0.02361111111111111
0 0.5591145833333333 0.8875 0.030729166666666665 0.032407407407407406
0 0.56484375 0.8506944444444444 0.0234375 0.03657407407407407
0 0.5401041666666667 0.868287037037037 0.025520833333333333 0.027314814814814816
0 0.5924479166666666 0.7513888888888889 0.04791666666666667 0.07407407407407407
0 0.643359375 0.70625 0.030989583333333334 0.02638888888888889
0 0.6322916666666667 0.7886574074074074 0.027083333333333334 0.031018518518518518
0 0.62109375 0.8416666666666667 0.022395833333333334 0.025925925925925925
0 0.6239583333333333 0.8777777777777778 0.028125 0.027777777777777776
0 0.6397135416666667 0.8520833333333333 0.03307291666666667 0.02824074074074074
0 0.6552083333333333 0.8553240740740741 0.017708333333333333 0.031018518518518518
0 0.6885416666666667 0.7548611111111111 0.021875 0.029166666666666667
0 0.7356770833333334 0.6481481481481481 0.034895833333333334 0.037037037037037035
0 0.7087239583333333 0.8444444444444444 0.01640625 0.023148148148148147
0 0.7104166666666667 0.9203703703703704 0.024479166666666666 0.026851851851851852
0 0.7299479166666667 0.9516203703703704 0.034895833333333334 0.02824074074074074
0 0.49700520833333334 0.8962962962962963 0.021614583333333333 0.02962962962962963
0 0.5059895833333333 0.9331018518518519 0.029166666666666667 0.03194444444444444
0 0.53125 0.9488425925925926 0.021875 0.02638888888888889
0 0.5846354166666666 0.9405092592592592 0.028125 0.03657407407407407
0 0.6239583333333333 0.9796296296296296 0.03125 0.03518518518518519
0 0.6669270833333333 0.9719907407407408 0.021354166666666667 0.0412037037037037
0 0.6529947916666666 0.9180555555555555 0.024739583333333332 0.03425925925925926
0 0.7013020833333333 0.9763888888888889 0.03177083333333333 0.03425925925925926
0 0.7369791666666666 0.9423611111111111 0.036458333333333336 0.03287037037037037
0 0.8470052083333334 0.8935185185185185 0.015885416666666666 0.03796296296296296
0 0.7940104166666667 0.5282407407407408 0.01875 0.018518518518518517
0 0.8259114583333333 0.49722222222222223 0.02578125 0.025
0 0.90546875 0.47337962962962965 0.015104166666666667 0.038425925925925926
0 0.935546875 0.5196759259259259 0.01171875 0.022685185185185187
0 0.8858072916666667 0.767824074074074 0.025260416666666667 0.02175925925925926
0 0.7204427083333333 0.9939814814814815 0.024739583333333332 0.012037037037037037
0 0.4473958333333333 0.9555555555555556 0.026041666666666668 0.027777777777777776
0 0.6705729166666666 0.987037037037037 0.019270833333333334 0.025925925925925925
0 0.70859375 0.6134259259259259 0.028645833333333332 0.026851851851851852
0 0.7255208333333333 0.6578703703703703 0.01875 0.01574074074074074
0 0.7466145833333333 0.6513888888888889 0.015104166666666667 0.013888888888888888
0 0.9947916666666666 0.7768518518518519 0.010416666666666666 0.022222222222222223
0 0.99375 0.5541666666666667 0.0125 0.019444444444444445
0 0.9934895833333334 0.6370370370370371 0.013020833333333334 0.012962962962962963
