0 0.16640625 0.71875 0.15520833333333334 0.17824074074074073
0 0.235546875 0.4446759259259259 0.05182291666666667 0.10324074074074074
0 0.36328125 0.4976851851851852 0.09895833333333333 0.08518518518518518
0 0.42161458333333335 0.47129629629629627 0.06302083333333333 0.12314814814814815
0 0.849609375 0.40370370370370373 0.19401041666666666 0.1537037037037037
0 0.9243489583333333 0.5648148148148148 0.01953125 0.10185185185185185
0 0.07890625 0.9592592592592593 0.04739583333333333 0.05555555555555555
0 0.9821614583333333 0.6053240740740741 0.03567708333333333 0.0587962962962963
0 0.3963541666666667 0.22037037037037038 0.05625 0.09351851851851851
0 0.38619791666666664 0.3888888888888889 0.027604166666666666 0.09074074074074075
0 0.32109375 0.49027777777777776 0.07135416666666666 0.05648148148148148
0 0.09453125 0.17453703703703705 0.07447916666666667 0.125
0 0.16302083333333334 0.06574074074074074 0.1125 0.07777777777777778
0 0.4453125 0.1476851851851852 0.11875 0.10833333333333334
0 0.9958333333333333 0.5680555555555555 0.008333333333333333 0.025
