0 0.9565104166666667 0.09976851851851852 0.0671875 0.05416666666666667
0 0.949609375 0.2712962962962963 0.07369791666666667 0.07592592592592592
0 0.9227864583333333 0.5606481481481481 0.08255208333333333 0.05092592592592592
0 0.6997395833333333 0.8634259259259259 0.016145833333333335 0.05740740740740741
0 0.7567708333333333 0.8837962962962963 0.04583333333333333 0.03611111111111111
0 0.7967447916666667 0.7722222222222223 0.01328125 0.03333333333333333
0 0.836328125 0.4960648148148148 0.04401041666666667 0.06898148148148148
0 0.683984375 0.7872685185185185 0.030989583333333334 0.047685185185185185
0 0.5416666666666666 0.7620370370370371 0.0828125 0.12129629629629629
0 0.5298177083333333 0.9761574074074074 0.062239583333333334 0.047685185185185185
0 0.540625 0.95 0.10833333333333334 0.07407407407407407
0 0.231640625 0.9659722222222222 0.030989583333333334 0.06805555555555555
0 0.09453125 0.8960648148148148 0.03125 0.03287037037037037
0 0.20703125 0.7865740740740741 0.0375 0.0787037037037037
0 0.390625 0.6872685185185186 0.06770833333333333 0.13194444444444445
0 0.39479166666666665 0.5645833333333333 0.06666666666666667 0.10138888888888889
0 0.35989583333333336 0.5722222222222222 0.049479166666666664 0.14166666666666666
0 0.0421875 0.4321759259259259 0.084375 0.04490740740740741
0 0.0859375 0.36435185185185187 0.06614583333333333 0.05462962962962963
0 0.7752604166666667 0.3287037037037037 0.021354166666666667 0.11481481481481481
0 0.09830729166666667 0.15 0.04348958333333333 0.04537037037037037
0 0.15390625 0.1275462962962963 0.059375 0.08101851851851852
0 0.090625 0.01574074074074074 0.034375 0.03148148148148148
0 0.9143229166666667 0.8541666666666666 0.030729166666666665 0.05462962962962963
0 0.60546875 0.4050925925925926 0.030729166666666665 0.03981481481481482
