0 0.6221354166666667 0.2136574074074074 0.14427083333333332 0.09953703703703703
0 0.44361979166666665 0.36666666666666664 0.06588541666666667 0.05462962962962963
0 0.35716145833333335 0.3819444444444444 0.07734375 0.05925925925925926
0 0.09661458333333334 0.5287037037037037 0.0328125 0.040740740740740744
0 0.020833333333333332 0.5189814814814815 0.041666666666666664 0.05648148148148148
0 0.2552083333333333 0.5162037037037037 0.04479166666666667 0.03981481481481482
0 0.18333333333333332 0.6027777777777777 0.041666666666666664 0.046296296296296294
0 0.5328125 0.4722222222222222 0.04895833333333333 0.053703703703703705
0 0.28854166666666664 0.4671296296296296 0.134375 0.06388888888888888
0 0.671875 0.5861111111111111 0.057291666666666664 0.03333333333333333
0 0.61484375 0.5523148148148148 0.0390625 0.030555555555555555
0 0.55703125 0.5537037037037037 0.04635416666666667 0.040740740740740744
0 0.8393229166666667 0.475 0.0828125 0.08888888888888889
0 0.93125 0.49444444444444446 0.021875 0.037037037037037035
0 0.9453125 0.4675925925925926 0.06770833333333333 0.03148148148148148
0 0.7890625 0.5055555555555555 0.022916666666666665 0.02962962962962963
0 0.66171875 0.5203703703703704 0.0296875 0.03518518518518519
0 0.10338541666666666 0.7652777777777777 0.03697916666666667 0.021296296296296296
0 0.26536458333333335 0.6625 0.033854166666666664 0.05648148148148148
0 0.5291666666666667 0.5416666666666666 0.020833333333333332 0.044444444444444446
0 0.478125 0.48842592592592593 0.036458333333333336 0.03611111111111111
0 0.4393229166666667 0.48518518518518516 0.034895833333333334 0.03888888888888889
0 0.39921875 0.5069444444444444 0.04114583333333333 0.04722222222222222
0 0.32369791666666664 0.5851851851851851 0.028645833333333332 0.02962962962962963
0 0.7033854166666667 0.6175925925925926 0.04010416666666667 0.053703703703703705
0 0.63671875 0.5796296296296296 0.0328125 0.03518518518518519
0 0.6953125 0.5347222222222222 0.027083333333333334 0.03796296296296296
0 0.7416666666666667 0.39351851851851855 0.19791666666666666 0.2074074074074074
