0 0.6372395833333333 0.7324074074074074 0.09635416666666667 0.07037037037037037
0 0.6049479166666667 0.6958333333333333 0.07760416666666667 0.06574074074074074
0 0.5752604166666667 0.6597222222222222 0.033854166666666664 0.03611111111111111
0 0.5126302083333333 0.5460648148148148 0.023697916666666666 0.0412037037037037
0 0.48294270833333336 0.5530092592592593 0.028385416666666666 0.04027777777777778
0 0.43528645833333335 0.5567129629629629 0.02578125 0.04212962962962963
0 0.45234375 0.5101851851851852 0.015104166666666667 0.040740740740740744
0 0.39505208333333336 0.7060185185185185 0.0421875 0.12037037037037036
0 0.3640625 0.8081018518518519 0.08229166666666667 0.06435185185185185
0 0.313671875 0.7497685185185186 0.04192708333333333 0.03657407407407407
0 0.2786458333333333 0.700462962962963 0.016666666666666666 0.019444444444444445
0 0.30911458333333336 0.7034722222222223 0.021354166666666667 0.05416666666666667
0 0.2889322916666667 0.7166666666666667 0.037760416666666664 0.062037037037037036
0 0.283984375 0.7738425925925926 0.08098958333333334 0.05324074074074074
0 0.2890625 0.5847222222222223 0.03177083333333333 0.026851851851851852
0 0.312109375 0.5432870370370371 0.07369791666666667 0.04675925925925926
0 0.2682291666666667 0.5081018518518519 0.06927083333333334 0.04490740740740741
0 0.362890625 0.48935185185185187 0.039322916666666666 0.2037037037037037
0 0.3932291666666667 0.555324074074074 0.028125 0.06620370370370371
0 0.3885416666666667 0.4912037037037037 0.029166666666666667 0.0712962962962963
0 0.43385416666666665 0.4724537037037037 0.10364583333333334 0.1300925925925926
0 0.5360677083333333 0.4673611111111111 0.04140625 0.0587962962962963
0 0.4640625 0.6833333333333333 0.052083333333333336 0.07222222222222222
0 0.6140625 0.6162037037037037 0.030208333333333334 0.05462962962962963
0 0.6544270833333333 0.65 0.04114583333333333 0.06481481481481481
0 0.7177083333333333 0.6476851851851851 0.051041666666666666 0.06944444444444445
0 0.98515625 0.6689814814814815 0.0296875 0.041666666666666664
0 0.9075520833333334 0.6888888888888889 0.0296875 0.04259259259259259
0 0.45026041666666666 0.7430555555555556 0.034895833333333334 0.05277777777777778
0 0.4752604166666667 0.7768518518518519 0.021354166666666667 0.037037037037037035
0 0.5497395833333333 0.8680555555555556 0.028645833333333332 0.05092592592592592
0 0.7625 0.7513888888888889 0.03229166666666667 0.08425925925925926
0 0.7434895833333334 0.5407407407407407 0.05572916666666667 0.024074074074074074
0 0.7143229166666667 0.5916666666666667 0.0265625 0.053703703703703705
0 0.7903645833333334 0.674074074074074 0.04114583333333333 0.04814814814814815
0 0.29244791666666664 0.7097222222222223 0.0578125 0.04722222222222222
0 0.2877604166666667 0.6976851851851852 0.0421875 0.09537037037037037
0 0.32864583333333336 0.6537037037037037 0.030208333333333334 0.027777777777777776
0 0.32786458333333335 0.5453703703703704 0.04114583333333333 0.11296296296296296
