0 0.15299479166666666 0.4043981481481482 0.03619791666666667 0.038425925925925926
0 0.2515625 0.4270833333333333 0.035416666666666666 0.04861111111111111
0 0.031901041666666664 0.4152777777777778 0.025260416666666667 0.04537037037037037
0 0.42018229166666665 0.5145833333333333 0.11276041666666667 0.2013888888888889
0 0.5704427083333333 0.42476851851851855 0.05390625 0.03564814814814815
0 0.7372395833333333 0.4425925925925926 0.040625 0.03611111111111111
0 0.7744791666666667 0.44537037037037036 0.03958333333333333 0.05185185185185185
0 0.7975260416666666 0.37083333333333335 0.03411458333333333 0.03148148148148148
0 0.8412760416666667 0.35324074074074074 0.032552083333333336 0.025
0 0.851953125 0.3840277777777778 0.04140625 0.02361111111111111
0 0.8053385416666666 0.43495370370370373 0.04348958333333333 0.03564814814814815
0 0.9122395833333333 0.43425925925925923 0.04739583333333333 0.041666666666666664
0 0.09270833333333334 0.12314814814814815 0.0390625 0.04814814814814815
0 0.32005208333333335 0.05648148148148148 0.0859375 0.06481481481481481
0 0.5033854166666667 0.5666666666666667 0.03177083333333333 0.07037037037037037
0 0.5861979166666667 0.45740740740740743 0.028645833333333332 0.024074074074074074
0 0.7270833333333333 0.4648148148148148 0.034375 0.018518518518518517
0 0.8028645833333333 0.48009259259259257 0.027604166666666666 0.013888888888888888
0 0.8682291666666667 0.4449074074074074 0.042708333333333334 0.026851851851851852
0 0.95390625 0.44722222222222224 0.043229166666666666 0.022222222222222223
0 0.91796875 0.4685185185185185 0.06197916666666667 0.04259259259259259
0 0.9940104166666667 0.4439814814814815 0.011979166666666667 0.019444444444444445
