0 0.266796875 0.47175925925925927 0.03307291666666667 0.027777777777777776
0 0.20859375 0.34953703703703703 0.0234375 0.025
0 0.3162760416666667 0.4900462962962963 0.08984375 0.08564814814814815
0 0.3795572916666667 0.4949074074074074 0.07161458333333333 0.062037037037037036
0 0.5247395833333334 0.75 0.0703125 0.08888888888888889
0 0.4705729166666667 0.6837962962962963 0.018229166666666668 0.03796296296296296
0 0.576953125 0.6243055555555556 0.03411458333333333 0.03287037037037037
0 0.63359375 0.5162037037037037 0.05260416666666667 0.06851851851851852
0 0.9110677083333333 0.7430555555555556 0.03359375 0.049074074074074076
0 0.9458333333333333 0.7650462962962963 0.04895833333333333 0.03935185185185185
0 0.976953125 0.7902777777777777 0.031510416666666666 0.07685185185185185
0 0.9346354166666667 0.8280092592592593 0.0359375 0.038425925925925926
0 0.9826822916666667 0.9150462962962963 0.03463541666666667 0.0587962962962963
0 0.965234375 0.6761574074074074 0.038802083333333334 0.06435185185185185
0 0.9899739583333333 0.7368055555555556 0.020052083333333335 0.034722222222222224
0 0.9944010416666667 0.6682870370370371 0.011197916666666667 0.04861111111111111
0 0.71953125 0.5472222222222223 0.049479166666666664 0.041666666666666664
0 0.7708333333333334 0.5289351851851852 0.035416666666666666 0.038425925925925926
0 0.8040364583333334 0.3539351851851852 0.03984375 0.05324074074074074
0 0.6713541666666667 0.5324074074074074 0.0421875 0.03333333333333333
0 0.95859375 0.6476851851851851 0.027604166666666666 0.03425925925925926
0 0.9484375 0.6453703703703704 0.025 0.016666666666666666
0 0.9963541666666667 0.7902777777777777 0.007291666666666667 0.03981481481481482
0 0.9890625 0.8472222222222222 0.021875 0.037037037037037035
