0 0.017447916666666667 0.08842592592592592 0.028645833333333332 0.040740740740740744
0 0.04088541666666667 0.17754629629629629 0.06041666666666667 0.043055555555555555
0 0.09466145833333334 0.12916666666666668 0.06067708333333333 0.04537037037037037
0 0.181640625 0.12175925925925926 0.06328125 0.03981481481481482
0 0.14661458333333333 0.2335648148148148 0.05416666666666667 0.043055555555555555
0 0.29322916666666665 0.1997685185185185 0.06041666666666667 0.043055555555555555
0 0.412890625 0.07662037037037037 0.05390625 0.038425925925925926
0 0.171875 0.4025462962962963 0.07083333333333333 0.060648148148148145
0 0.07513020833333334 0.33958333333333335 0.06328125 0.03564814814814815
0 0.062109375 0.3770833333333333 0.05026041666666667 0.027314814814814816
0 0.02109375 0.40162037037037035 0.0421875 0.038425925925925926
0 0.029557291666666666 0.44675925925925924 0.055989583333333336 0.03888888888888889
0 0.09583333333333334 0.44513888888888886 0.04739583333333333 0.029166666666666667
0 0.26653645833333334 0.39467592592592593 0.04505208333333333 0.03194444444444444
0 0.30807291666666664 0.36342592592592593 0.0453125 0.03518518518518519
0 0.051041666666666666 0.5650462962962963 0.04114583333333333 0.10416666666666667
0 0.12994791666666666 0.5657407407407408 0.04635416666666667 0.06111111111111111
0 0.168359375 0.5569444444444445 0.030989583333333334 0.046296296296296294
0 0.11627604166666666 0.6212962962962963 0.054947916666666666 0.028703703703703703
0 0.23919270833333334 0.5268518518518519 0.03984375 0.03425925925925926
0 0.289453125 0.5039351851851852 0.03307291666666667 0.08472222222222223
0 0.36666666666666664 0.45555555555555555 0.03854166666666667 0.03333333333333333
0 0.37252604166666664 0.3699074074074074 0.03203125 0.075
0 0.4309895833333333 0.49583333333333335 0.040625 0.03333333333333333
0 0.402734375 0.22847222222222222 0.15442708333333333 0.25416666666666665
0 0.5462239583333334 0.17152777777777778 0.05911458333333333 0.06342592592592593
0 0.5083333333333333 0.29097222222222224 0.17604166666666668 0.2902777777777778
0 0.5833333333333334 0.2898148148148148 0.13072916666666667 0.18703703703703703
0 0.582421875 0.3763888888888889 0.14609375 0.20925925925925926
0 0.6459635416666667 0.37939814814814815 0.16536458333333334 0.22453703703703703
0 0.683984375 0.4423611111111111 0.11692708333333333 0.1412037037037037
0 0.740625 0.48703703703703705 0.090625 0.05
0 0.7747395833333334 0.20625 0.025 0.04398148148148148
0 0.6821614583333333 0.15416666666666667 0.039322916666666666 0.1
0 0.928515625 0.2826388888888889 0.07317708333333334 0.04212962962962963
0 0.9303385416666666 0.4078703703703704 0.061197916666666664 0.04814814814814815
0 0.078125 0.687962962962963 0.07135416666666666 0.04351851851851852
0 0.4934895833333333 0.03796296296296296 0.049479166666666664 0.04351851851851852
0 0.5444010416666667 0.10810185185185185 0.03984375 0.038425925925925926
0 0.36015625 0.5083333333333333 0.04010416666666667 0.037037037037037035
0 0.4322916666666667 0.2972222222222222 0.07395833333333333 0.1
