0 0.15130208333333334 0.19166666666666668 0.07083333333333333 0.05
0 0.34453125 0.21435185185185185 0.05364583333333333 0.037037037037037035
0 0.55 0.2273148148148148 0.058854166666666666 0.06944444444444445
0 0.5467447916666667 0.38125 0.06328125 0.06435185185185185
0 0.5872395833333334 0.36342592592592593 0.04010416666666667 0.049074074074074076
0 0.5772135416666667 0.30185185185185187 0.05651041666666667 0.05648148148148148
0 0.6391927083333333 0.3335648148148148 0.04088541666666667 0.04583333333333333
0 0.6108072916666667 0.425462962962963 0.04609375 0.04259259259259259
0 0.6838541666666667 0.4284722222222222 0.06197916666666667 0.04861111111111111
0 0.4317708333333333 0.1962962962962963 0.021875 0.02962962962962963
0 0.47760416666666666 0.33958333333333335 0.05260416666666667 0.0375
0 0.7565104166666666 0.43310185185185185 0.030729166666666665 0.04398148148148148
0 0.7873697916666667 0.42569444444444443 0.06536458333333334 0.05787037037037037
0 0.8283854166666667 0.3990740740740741 0.05677083333333333 0.05740740740740741
0 0.8319010416666667 0.3363425925925926 0.048177083333333336 0.038425925925925926
0 0.9598958333333333 0.5300925925925926 0.05520833333333333 0.05185185185185185
0 0.930859375 0.43194444444444446 0.05234375 0.041666666666666664
0 0.5971354166666667 0.3439814814814815 0.0359375 0.04537037037037037
0 0.67109375 0.36064814814814816 0.008854166666666666 0.013888888888888888
0 0.8765625 0.43194444444444446 0.057291666666666664 0.05277777777777778
0 0.9098958333333333 0.46574074074074073 0.035416666666666666 0.04814814814814815
0 0.9838541666666667 0.3731481481481482 0.03229166666666667 0.05
0 0.30572916666666666 0.19166666666666668 0.020833333333333332 0.05740740740740741
