0 0.09166666666666666 0.05625 0.18072916666666666 0.11157407407407408
0 0.132421875 0.13217592592592592 0.14192708333333334 0.09583333333333334
0 0.26171875 0.09861111111111111 0.09947916666666666 0.10740740740740741
0 0.30078125 0.08009259259259259 0.0953125 0.10185185185185185
0 0.32421875 0.07916666666666666 0.1046875 0.14907407407407408
0 0.13333333333333333 0.22152777777777777 0.059895833333333336 0.06620370370370371
0 0.105078125 0.2972222222222222 0.04192708333333333 0.10925925925925926
0 0.05065104166666667 0.3490740740740741 0.02578125 0.09537037037037037
0 0.144921875 0.3821759259259259 0.06015625 0.1337962962962963
0 0.23828125 0.399537037037037 0.12135416666666667 0.10092592592592593
0 0.246875 0.26064814814814813 0.14479166666666668 0.11203703703703703
0 0.253125 0.1935185185185185 0.028125 0.06851851851851852
0 0.3216145833333333 0.24976851851851853 0.11145833333333334 0.14583333333333334
0 0.42408854166666665 0.17453703703703705 0.10963541666666667 0.07222222222222222
0 0.40546875 0.07291666666666667 0.042708333333333334 0.12361111111111112
0 0.31002604166666664 0.3611111111111111 0.11015625 0.10185185185185185
0 0.42825520833333336 0.3819444444444444 0.06380208333333333 0.19444444444444445
0 0.46653645833333335 0.3280092592592593 0.09140625 0.1125
0 0.5569010416666667 0.15092592592592594 0.08046875 0.2111111111111111
0 0.6302083333333334 0.1527777777777778 0.08541666666666667 0.13796296296296295
0 0.6151041666666667 0.2881944444444444 0.203125 0.1587962962962963
0 0.5873697916666667 0.3905092592592593 0.11901041666666666 0.11064814814814815
0 0.44830729166666666 0.7326388888888888 0.07317708333333334 0.12083333333333333
0 0.3829427083333333 0.544675925925926 0.14609375 0.16898148148148148
0 0.5061197916666667 0.575925925925926 0.05546875 0.13518518518518519
0 0.5502604166666667 0.61875 0.051041666666666666 0.09583333333333334
0 0.6265625 0.4599537037037037 0.07239583333333334 0.11342592592592593
0 0.73828125 0.5678240740740741 0.053125 0.1476851851851852
0 0.7829427083333333 0.49699074074074073 0.03828125 0.11157407407407408
0 0.8638020833333333 0.4525462962962963 0.10729166666666666 0.11527777777777778
0 0.33151041666666664 0.9321759259259259 0.1578125 0.13564814814814816
0 0.71171875 0.8870370370370371 0.04375 0.14537037037037037
0 0.391015625 0.6736111111111112 0.05651041666666667 0.12407407407407407
0 0.8098958333333334 0.28078703703703706 0.1140625 0.1763888888888889
0 0.89921875 0.38101851851851853 0.12552083333333333 0.13333333333333333
0 0.7548177083333333 0.18078703703703702 0.07109375 0.11898148148148148
0 0.4290364583333333 0.1011574074074074 0.07526041666666666 0.10138888888888889
0 0.47213541666666664 0.05462962962962963 0.0734375 0.10925925925925926
0 0.8177083333333334 0.0587962962962963 0.14427083333333332 0.10648148148148148
0 0.026302083333333334 0.7303240740740741 0.0421875 0.13935185185185187
0 0.013671875 0.4532407407407407 0.024739583333333332 0.1648148148148148
0 0.7622395833333333 0.625462962962963 0.07239583333333334 0.062037037037037036
0 0.74609375 0.3300925925925926 0.09739583333333333 0.1398148148148148
0 0.6955729166666667 0.15138888888888888 0.05677083333333333 0.0824074074074074
0 0.5372395833333333 0.449537037037037 0.0796875 0.11018518518518519
0 0.72890625 0.2412037037037037 0.022395833333333334 0.032407407407407406
0 0.85546875 0.12453703703703704 0.015104166666666667 0.030555555555555555
0 0.90625 0.10462962962962963 0.009375 0.018518518518518517
0 0.92421875 0.07268518518518519 0.013020833333333334 0.01574074074074074
0 0.94296875 0.07175925925925926 0.008854166666666666 0.012037037037037037
0 0.915625 0.08472222222222223 0.009375 0.019444444444444445
