0 0.380859375 0.4671296296296296 0.04244791666666667 0.03981481481481482
0 0.312890625 0.44027777777777777 0.03567708333333333 0.03333333333333333
0 0.470703125 0.4125 0.03411458333333333 0.03611111111111111
0 0.49609375 0.38773148148148145 0.027083333333333334 0.03564814814814815
0 0.43671875 0.3333333333333333 0.022395833333333334 0.028703703703703703
0 0.3358072916666667 0.41203703703703703 0.027864583333333335 0.02962962962962963
0 0.5 0.4613425925925926 0.027083333333333334 0.04490740740740741
0 0.5580729166666667 0.5256944444444445 0.03854166666666667 0.04490740740740741
0 0.6352864583333333 0.47824074074074074 0.07109375 0.05555555555555555
0 0.6345052083333333 0.4236111111111111 0.04140625 0.04259259259259259
0 0.6643229166666667 0.39652777777777776 0.051041666666666666 0.056018518518518516
0 0.708984375 0.3372685185185185 0.029427083333333333 0.03935185185185185
0 0.71171875 0.44074074074074077 0.0421875 0.040740740740740744
0 0.759765625 0.425 0.03671875 0.049074074074074076
0 0.823046875 0.42916666666666664 0.04296875 0.044444444444444446
0 0.8477864583333333 0.47962962962962963 0.048177083333333336 0.044444444444444446
0 0.8829427083333333 0.4479166666666667 0.03411458333333333 0.05138888888888889
0 0.8665364583333334 0.35208333333333336 0.04973958333333333 0.04675925925925926
0 0.5481770833333334 0.42662037037037037 0.0234375 0.02824074074074074
0 0.79296875 0.5087962962962963 0.03333333333333333 0.02962962962962963
0 0.8575520833333333 0.5532407407407407 0.05260416666666667 0.04537037037037037
0 0.9497395833333333 0.44351851851851853 0.059895833333333336 0.04259259259259259
0 0.7786458333333334 0.5375 0.020833333333333332 0.021296296296296296
0 0.9778645833333334 0.4300925925925926 0.03697916666666667 0.032407407407407406
