0 0.330078125 0.8807870370370371 0.10651041666666666 0.09953703703703703
0 0.3455729166666667 0.43842592592592594 0.09947916666666666 0.062037037037037036
0 0.43502604166666664 0.44675925925925924 0.07213541666666666 0.09444444444444444
0 0.483984375 0.4673611111111111 0.030989583333333334 0.0587962962962963
0 0.5486979166666667 0.5405092592592593 0.04791666666666667 0.05324074074074074
0 0.557421875 0.6104166666666667 0.06328125 0.11157407407407408
0 0.5807291666666666 0.6111111111111112 0.08333333333333333 0.06944444444444445
0 0.6501302083333333 0.53125 0.05182291666666667 0.059722222222222225
0 0.730078125 0.5087962962962963 0.03359375 0.05648148148148148
0 0.8502604166666666 0.5893518518518519 0.1671875 0.09537037037037037
0 0.47760416666666666 0.6708333333333333 0.023958333333333335 0.06388888888888888
0 0.5920572916666667 0.7770833333333333 0.04192708333333333 0.13194444444444445
0 0.78359375 0.4219907407407407 0.12604166666666666 0.12916666666666668
0 0.5927083333333333 0.14953703703703702 0.021354166666666667 0.05555555555555555
0 0.6296875 0.6800925925925926 0.075 0.08796296296296297
0 0.9848958333333333 0.9291666666666667 0.030208333333333334 0.10648148148148148
