0 0.485546875 0.6289351851851852 0.09817708333333333 0.2263888888888889
0 0.6401041666666667 0.5789351851851852 0.178125 0.2199074074074074
0 0.8634114583333333 0.5050925925925925 0.09921875 0.19907407407407407
0 0.9811197916666666 0.51875 0.03671875 0.15694444444444444
0 0.8950520833333333 0.712037037037037 0.044270833333333336 0.11666666666666667
0 0.33515625 0.29814814814814816 0.05260416666666667 0.04537037037037037
0 0.13411458333333334 0.6125 0.018229166666666668 0.017592592592592594
0 0.16380208333333332 0.6370370370370371 0.018229166666666668 0.022222222222222223
0 0.20833333333333334 0.6157407407407407 0.010416666666666666 0.016666666666666666
0 0.30885416666666665 0.6638888888888889 0.020833333333333332 0.025925925925925925
0 0.38723958333333336 0.6050925925925926 0.013020833333333334 0.013888888888888888
0 0.3692708333333333 0.6666666666666666 0.017708333333333333 0.022222222222222223
0 0.0515625 0.5995370370370371 0.016666666666666666 0.026851851851851852
0 0.93671875 0.09212962962962963 0.021354166666666667 0.04537037037037037
0 0.008333333333333333 0.30185185185185187 0.016666666666666666 0.03888888888888889
0 0.57265625 0.4759259259259259 0.03802083333333333 0.05185185185185185
0 0.09479166666666666 0.6412037037037037 0.04479166666666667 0.05092592592592592
