0 0.3703125 0.6347222222222222 0.09427083333333333 0.10648148148148148
0 0.3848958333333333 0.7675925925925926 0.1140625 0.17222222222222222
0 0.5669270833333333 0.6013888888888889 0.196875 0.17314814814814813
0 0.5388020833333333 0.4263888888888889 0.18958333333333333 0.18611111111111112
0 0.17395833333333333 0.023148148148148147 0.05364583333333333 0.04259259259259259
0 0.24127604166666666 0.059953703703703703 0.12578125 0.0763888888888889
0 0.32057291666666665 0.1699074074074074 0.0578125 0.10555555555555556
0 0.488671875 0.1474537037037037 0.04869791666666667 0.0625
0 0.5708333333333333 0.26319444444444445 0.05 0.10231481481481482
0 0.573046875 0.1837962962962963 0.032552083333333336 0.06018518518518518
0 0.7959635416666667 0.12268518518518519 0.06692708333333333 0.10833333333333334
0 0.71484375 0.27291666666666664 0.1921875 0.1912037037037037
0 0.89921875 0.43680555555555556 0.19375 0.16342592592592592
0 0.852734375 0.6418981481481482 0.10182291666666667 0.17546296296296296
0 0.76015625 0.4486111111111111 0.11302083333333333 0.09166666666666666
0 0.7342447916666667 0.5101851851851852 0.09661458333333334 0.08981481481481482
0 0.70625 0.5974537037037037 0.16822916666666668 0.16805555555555557
0 0.7619791666666667 0.5958333333333333 0.14583333333333334 0.16944444444444445
