0 0.12018229166666666 0.6206018518518519 0.08567708333333333 0.19398148148148148
0 0.3328125 0.38472222222222224 0.19010416666666666 0.30648148148148147
0 0.2799479166666667 0.5125 0.13125 0.1537037037037037
0 0.23072916666666668 0.6881944444444444 0.19479166666666667 0.29212962962962963
0 0.08776041666666666 0.7828703703703703 0.04114583333333333 0.06574074074074074
0 0.08072916666666667 0.8185185185185185 0.029166666666666667 0.07592592592592592
0 0.019010416666666665 0.8212962962962963 0.03802083333333333 0.04814814814814815
0 0.04453125 0.7935185185185185 0.03177083333333333 0.037037037037037035
0 0.020833333333333332 0.7768518518518519 0.027083333333333334 0.03333333333333333
0 0.4010416666666667 0.9583333333333334 0.05416666666666667 0.08333333333333333
0 0.3614583333333333 0.9430555555555555 0.03333333333333333 0.11388888888888889
0 0.48854166666666665 0.9023148148148148 0.05520833333333333 0.08981481481481482
0 0.573046875 0.2740740740740741 0.3299479166666667 0.38981481481481484
0 0.8303385416666667 0.3023148148148148 0.21171875 0.18518518518518517
0 0.8703125 0.16782407407407407 0.25833333333333336 0.3347222222222222
0 0.916015625 0.6208333333333333 0.16796875 0.27037037037037037
0 0.8640625 0.882175925925926 0.271875 0.23564814814814813
0 0.9048177083333333 0.7916666666666666 0.19036458333333334 0.16944444444444445
0 0.628125 0.8898148148148148 0.18489583333333334 0.22037037037037038
0 0.65703125 0.7636574074074074 0.325 0.2902777777777778
0 0.6973958333333333 0.5298611111111111 0.134375 0.22268518518518518
0 0.33671875 0.6476851851851851 0.14166666666666666 0.1935185185185185
0 0.3528645833333333 0.5967592592592592 0.0890625 0.1638888888888889
0 0.47734375 0.6608796296296297 0.2546875 0.20601851851851852
0 0.4817708333333333 0.5509259259259259 0.32135416666666666 0.22314814814814815
0 0.7787760416666667 0.6335648148148149 0.15546875 0.21435185185185185
0 0.1359375 0.2662037037037037 0.017708333333333333 0.019444444444444445
0 0.037760416666666664 0.28703703703703703 0.022395833333333334 0.027777777777777776
0 0.05572916666666667 0.32685185185185184 0.016666666666666666 0.02962962962962963
0 0.09583333333333334 0.3611111111111111 0.019791666666666666 0.020370370370370372
0 0.16692708333333334 0.32407407407407407 0.022395833333333334 0.02962962962962963
0 0.07838541666666667 0.45601851851851855 0.0390625 0.041666666666666664
0 0.3875 0.3384259259259259 0.14270833333333333 0.13796296296296295
