0 0.059895833333333336 0.25925925925925924 0.11979166666666667 0.16296296296296298
0 0.15846354166666668 0.5388888888888889 0.11328125 0.15462962962962962
0 0.029947916666666668 0.5219907407407407 0.059895833333333336 0.12361111111111112
0 0.03216145833333333 0.6511574074074075 0.05390625 0.08842592592592592
0 0.07408854166666666 0.6622685185185185 0.14348958333333334 0.07361111111111111
0 0.32981770833333335 0.6442129629629629 0.06640625 0.07453703703703704
0 0.416796875 0.6173611111111111 0.08776041666666666 0.08287037037037037
0 0.5653645833333333 0.46435185185185185 0.12604166666666666 0.11851851851851852
0 0.6502604166666667 0.5138888888888888 0.08489583333333334 0.09444444444444444
0 0.6891927083333333 0.41944444444444445 0.039322916666666666 0.05
0 0.5483072916666667 0.6555555555555556 0.023177083333333334 0.03148148148148148
0 0.5309895833333333 0.7046296296296296 0.0390625 0.04814814814814815
0 0.56171875 0.7375 0.044270833333333336 0.06944444444444445
0 0.26028645833333336 0.8164351851851852 0.06588541666666667 0.09212962962962963
0 0.17786458333333333 0.736574074074074 0.06927083333333334 0.06574074074074074
0 0.16927083333333334 0.7013888888888888 0.013541666666666667 0.021296296296296296
0 0.09700520833333333 0.7435185185185185 0.17682291666666666 0.10648148148148148
0 0.08528645833333333 0.9099537037037037 0.13307291666666668 0.11805555555555555
0 0.08528645833333333 0.8402777777777778 0.16953125 0.17407407407407408
0 0.35989583333333336 0.912962962962963 0.27447916666666666 0.17407407407407408
0 0.4376302083333333 0.8050925925925926 0.03984375 0.0962962962962963
0 0.5005208333333333 0.8680555555555556 0.09166666666666666 0.07777777777777778
0 0.5826822916666666 0.8569444444444444 0.09348958333333333 0.07037037037037037
0 0.3450520833333333 0.7430555555555556 0.043229166666666666 0.041666666666666664
0 0.3809895833333333 0.7375 0.019270833333333334 0.06018518518518518
0 0.8325520833333333 0.8657407407407407 0.0796875 0.09814814814814815
0 0.9006510416666667 0.837037037037037 0.09036458333333333 0.13333333333333333
0 0.9596354166666666 0.8814814814814815 0.06927083333333334 0.11203703703703703
0 0.98515625 0.8893518518518518 0.0296875 0.08796296296296297
0 0.6631510416666667 0.7319444444444444 0.17734375 0.13055555555555556
0 0.7483072916666667 0.6520833333333333 0.04765625 0.04675925925925926
0 0.8376302083333333 0.6574074074074074 0.026302083333333334 0.025
0 0.80703125 0.6712962962962963 0.04114583333333333 0.04814814814814815
0 0.8453125 0.6847222222222222 0.0234375 0.025925925925925925
0 0.8408854166666667 0.6935185185185185 0.03177083333333333 0.027777777777777776
0 0.9190104166666667 0.6956018518518519 0.029166666666666667 0.03194444444444444
0 0.8953125 0.6365740740740741 0.03125 0.028703703703703703
0 0.8807291666666667 0.6569444444444444 0.014583333333333334 0.019444444444444445
0 0.8815104166666666 0.7592592592592593 0.024479166666666666 0.03888888888888889
0 0.9471354166666667 0.762962962962963 0.034895833333333334 0.03333333333333333
0 0.88359375 0.5375 0.0203125 0.017592592592592594
0 0.8962239583333333 0.44560185185185186 0.009114583333333334 0.018055555555555554
0 0.879296875 0.4428240740740741 0.015885416666666666 0.02546296296296296
0 0.8529947916666667 0.4525462962962963 0.014322916666666666 0.02175925925925926
0 0.8483072916666666 0.38842592592592595 0.015364583333333333 0.017592592592592594
0 0.9161458333333333 0.37916666666666665 0.030208333333333334 0.03518518518518519
0 0.991796875 0.41689814814814813 0.01640625 0.027314814814814816
0 0.955078125 0.43125 0.016927083333333332 0.034722222222222224
0 0.9899739583333333 0.47430555555555554 0.018489583333333334 0.02638888888888889
0 0.9670572916666667 0.5282407407407408 0.031510416666666666 0.03888888888888889
0 0.9799479166666667 0.5601851851851852 0.0203125 0.03888888888888889
0 0.9833333333333333 0.6152777777777778 0.017708333333333333 0.025
0 0.9774739583333333 0.6826388888888889 0.04505208333333333 0.06435185185185185
0 0.97421875 0.6560185185185186 0.0515625 0.06388888888888888
0 0.9578125 0.7282407407407407 0.01875 0.019444444444444445
0 0.8942708333333333 0.7435185185185185 0.021875 0.02962962962962963
0 0.9174479166666667 0.7467592592592592 0.024479166666666666 0.04722222222222222
0 0.8700520833333333 0.7097222222222223 0.033854166666666664 0.04537037037037037
0 0.9166666666666666 0.5740740740740741 0.030208333333333334 0.024074074074074074
0 0.89375 0.5840277777777778 0.12552083333333333 0.12916666666666668
0 0.7203125 0.593287037037037 0.07760416666666667 0.08564814814814815
0 0.791796875 0.5701388888888889 0.16171875 0.15694444444444444
0 0.8541666666666666 0.36319444444444443 0.027083333333333334 0.04212962962962963
0 0.8895833333333333 0.3458333333333333 0.022916666666666665 0.02962962962962963
0 0.9341145833333333 0.36574074074074076 0.022395833333333334 0.025925925925925925
0 0.7893229166666667 0.6222222222222222 0.0390625 0.037037037037037035
