0 0.10846354166666666 0.43449074074074073 0.21588541666666666 0.24027777777777778
0 0.06067708333333333 0.22870370370370371 0.0390625 0.03888888888888889
0 0.39375 0.5136574074074074 0.1265625 0.40694444444444444
0 0.47356770833333334 0.48171296296296295 0.13463541666666667 0.36527777777777776
0 0.462109375 0.5824074074074074 0.10234375 0.2462962962962963
0 0.64609375 0.16087962962962962 0.011979166666666667 0.0125
0 0.6502604166666667 0.1935185185185185 0.009895833333333333 0.016666666666666666
0 0.6440104166666667 0.20324074074074075 0.0109375 0.01574074074074074
0 0.6364583333333333 0.2101851851851852 0.008333333333333333 0.011111111111111112
0 0.6005208333333333 0.18564814814814815 0.029166666666666667 0.023148148148148147
0 0.5686197916666667 0.1638888888888889 0.009635416666666667 0.01574074074074074
0 0.5942708333333333 0.24444444444444444 0.0125 0.025925925925925925
0 0.503125 0.23981481481481481 0.011458333333333333 0.022222222222222223
0 0.50625 0.20856481481481481 0.008333333333333333 0.010648148148148148
0 0.48216145833333335 0.1712962962962963 0.01015625 0.013888888888888888
0 0.4627604166666667 0.22569444444444445 0.008854166666666666 0.0125
0 0.454296875 0.2564814814814815 0.009114583333333334 0.013888888888888888
0 0.447265625 0.22708333333333333 0.009635416666666667 0.014351851851851852
0 0.425 0.17731481481481481 0.009375 0.014814814814814815
0 0.39427083333333335 0.1962962962962963 0.007291666666666667 0.012962962962962963
0 0.37786458333333334 0.21550925925925926 0.0046875 0.013425925925925926
0 0.3522135416666667 0.2178240740740741 0.008072916666666667 0.016203703703703703
0 0.33932291666666664 0.19398148148148148 0.0078125 0.017592592592592594
0 0.41953125 0.2351851851851852 0.008854166666666666 0.014814814814814815
0 0.45260416666666664 0.2162037037037037 0.007291666666666667 0.012037037037037037
0 0.5205729166666667 0.19907407407407407 0.009895833333333333 0.014814814814814815
0 0.5533854166666666 0.19490740740740742 0.0078125 0.012037037037037037
0 0.53828125 0.15185185185185185 0.011979166666666667 0.014814814814814815
0 0.09309895833333333 0.2238425925925926 0.008072916666666667 0.010648148148148148
0 0.13802083333333334 0.21898148148148147 0.008333333333333333 0.017592592592592594
0 0.15052083333333333 0.24861111111111112 0.005208333333333333 0.010185185185185186
0 0.203125 0.2136574074074074 0.0078125 0.01712962962962963
0 0.22447916666666667 0.23333333333333334 0.00625 0.011111111111111112
0 0.10364583333333334 0.2412037037037037 0.004166666666666667 0.012037037037037037
0 0.10234375 0.23333333333333334 0.0046875 0.012962962962962963
0 0.8 0.20416666666666666 0.008333333333333333 0.01574074074074074
0 0.7447916666666666 0.2013888888888889 0.00625 0.010185185185185186
0 0.70859375 0.19675925925925927 0.008333333333333333 0.012962962962962963
0 0.68671875 0.20601851851851852 0.0067708333333333336 0.013888888888888888
0 0.66640625 0.2212962962962963 0.009895833333333333 0.011111111111111112
0 0.9184895833333333 0.22314814814814815 0.021875 0.03611111111111111
0 0.70546875 0.15648148148148147 0.009895833333333333 0.011111111111111112
0 0.7932291666666667 0.25833333333333336 0.0125 0.020370370370370372
0 0.6169270833333333 0.2361111111111111 0.018229166666666668 0.022222222222222223
0 0.5864583333333333 0.20833333333333334 0.011458333333333333 0.024074074074074074
0 0.5703125 0.23564814814814813 0.011458333333333333 0.017592592592592594
0 0.5375 0.21944444444444444 0.007291666666666667 0.012962962962962963
0 0.5 0.1912037037037037 0.007291666666666667 0.01574074074074074
0 0.8098958333333334 0.15833333333333333 0.0125 0.025925925925925925
0 0.7643229166666666 0.17916666666666667 0.011979166666666667 0.023148148148148147
0 0.8760416666666667 0.21574074074074073 0.015625 0.03333333333333333
0 0.6717447916666667 0.39560185185185187 0.01796875 0.01712962962962963
0 0.6700520833333333 0.41574074074074074 0.013020833333333334 0.018518518518518517
0 0.6358072916666667 0.39791666666666664 0.01484375 0.01712962962962963
0 0.8673177083333333 0.7236111111111111 0.018489583333333334 0.020370370370370372
0 0.7763020833333333 0.6564814814814814 0.016666666666666666 0.025
0 0.7611979166666667 0.6560185185185186 0.016145833333333335 0.019444444444444445
0 0.750390625 0.5662037037037037 0.01796875 0.023148148148148147
0 0.709375 0.5550925925925926 0.01875 0.025
0 0.68359375 0.5013888888888889 0.019270833333333334 0.021296296296296296
0 0.66015625 0.49583333333333335 0.015104166666666667 0.030555555555555555
0 0.6170572916666667 0.4668981481481482 0.01484375 0.020833333333333332
0 0.5848958333333333 0.4439814814814815 0.027083333333333334 0.041666666666666664
0 0.7106770833333333 0.47175925925925927 0.015104166666666667 0.019444444444444445
0 0.6989583333333333 0.4516203703703704 0.013020833333333334 0.01990740740740741
0 0.8255208333333334 0.5337962962962963 0.014583333333333334 0.017592592592592594
0 0.7837239583333333 0.5057870370370371 0.016927083333333332 0.02175925925925926
0 0.8022135416666667 0.6002314814814815 0.01171875 0.029166666666666667
0 0.8208333333333333 0.5916666666666667 0.0203125 0.02962962962962963
0 0.9067708333333333 0.5087962962962963 0.01875 0.019444444444444445
0 0.8466145833333333 0.5370370370370371 0.0171875 0.025925925925925925
0 0.8658854166666666 0.42916666666666664 0.0203125 0.032407407407407406
0 0.77890625 0.40925925925925927 0.0265625 0.024074074074074074
0 0.7958333333333333 0.4671296296296296 0.021875 0.028703703703703703
0 0.8747395833333333 0.6097222222222223 0.011458333333333333 0.020370370370370372
0 0.9697916666666667 0.5412037037037037 0.018229166666666668 0.025
0 0.92421875 0.4439814814814815 0.0171875 0.025
0 0.9567708333333333 0.43796296296296294 0.016666666666666666 0.03333333333333333
0 0.9513020833333333 0.40185185185185185 0.021354166666666667 0.027777777777777776
0 0.9744791666666667 0.40324074074074073 0.009375 0.017592592592592594
0 0.950390625 0.6539351851851852 0.01171875 0.01712962962962963
0 0.953125 0.6388888888888888 0.011458333333333333 0.018518518518518517
0 0.9861979166666667 0.5851851851851851 0.013020833333333334 0.02962962962962963
0 0.6595052083333334 0.35439814814814813 0.014322916666666666 0.01990740740740741
0 0.15390625 0.24722222222222223 0.0046875 0.009259259259259259
0 0.4473958333333333 0.2833333333333333 0.008333333333333333 0.014814814814814815
