0 0.14114583333333333 0.05694444444444444 0.11145833333333334 0.11296296296296296
0 0.36770833333333336 0.1787037037037037 0.04739583333333333 0.06018518518518518
0 0.5326822916666667 0.3761574074074074 0.07942708333333333 0.13194444444444445
0 0.28033854166666666 0.6895833333333333 0.16223958333333333 0.18194444444444444
0 0.10338541666666666 0.8666666666666667 0.20520833333333333 0.26666666666666666
0 0.25234375 0.8627314814814815 0.22291666666666668 0.24953703703703703
0 0.47552083333333334 0.47453703703703703 0.0953125 0.337037037037037
0 0.490234375 0.857175925925926 0.10026041666666667 0.23194444444444445
0 0.5290364583333333 0.7081018518518518 0.15546875 0.1310185185185185
0 0.65078125 0.5157407407407407 0.1703125 0.05740740740740741
0 0.6393229166666666 0.43842592592592594 0.04010416666666667 0.03611111111111111
0 0.7024739583333334 0.612037037037037 0.31692708333333336 0.20462962962962963
0 0.641796875 0.8481481481481481 0.07838541666666667 0.08611111111111111
0 0.6764322916666666 0.7293981481481482 0.27578125 0.20972222222222223
0 0.8123697916666667 0.7768518518518519 0.15390625 0.09166666666666666
0 0.79609375 0.8775462962962963 0.24322916666666666 0.1699074074074074
0 0.9063802083333333 0.9115740740740741 0.18619791666666666 0.17407407407407408
0 0.19322916666666667 0.9365740740740741 0.09375 0.12685185185185185
0 0.9921875 0.5097222222222222 0.015625 0.032407407407407406
