0 0.7643229166666666 0.09814814814814815 0.325 0.19537037037037036
0 0.5463541666666667 0.5291666666666667 0.16614583333333333 0.14537037037037037
0 0.9407552083333334 0.44722222222222224 0.11848958333333333 0.1388888888888889
0 0.9223958333333333 0.587037037037037 0.15520833333333334 0.17685185185185184
0 0.34088541666666666 0.5537037037037037 0.025520833333333333 0.026851851851851852
0 0.30234375 0.46087962962962964 0.0265625 0.03009259259259259
0 0.21145833333333333 0.5273148148148148 0.01875 0.026851851851851852
0 0.19557291666666668 0.4597222222222222 0.016145833333333335 0.028703703703703703
0 0.04140625 0.5592592592592592 0.03697916666666667 0.037037037037037035
0 0.11731770833333334 0.5504629629629629 0.014322916666666666 0.020370370370370372
0 0.13880208333333333 0.6875 0.05677083333333333 0.04537037037037037
