0 0.6716145833333333 0.875462962962963 0.021354166666666667 0.018518518518518517
0 0.7072916666666667 0.794675925925926 0.024479166666666666 0.027314814814814816
0 0.78046875 0.7564814814814815 0.0421875 0.025
0 0.8657552083333333 0.7402777777777778 0.04244791666666667 0.03796296296296296
0 0.85078125 0.6138888888888889 0.025 0.04259259259259259
0 0.83046875 0.5935185185185186 0.017708333333333333 0.04722222222222222
0 0.68359375 0.6363425925925926 0.025 0.02175925925925926
0 0.7108072916666667 0.530787037037037 0.016927083333333332 0.014351851851851852
0 0.94765625 0.7423611111111111 0.021875 0.022685185185185187
0 0.49908854166666666 0.6219907407407408 0.017447916666666667 0.020833333333333332
0 0.47890625 0.6083333333333333 0.015104166666666667 0.019444444444444445
0 0.6001302083333333 0.5631944444444444 0.00703125 0.027314814814814816
0 0.7846354166666667 0.09861111111111111 0.07291666666666667 0.06481481481481481
0 0.8606770833333334 0.6763888888888889 0.0203125 0.01574074074074074
0 0.8166666666666667 0.5222222222222223 0.017708333333333333 0.020370370370370372
0 0.9307291666666667 0.44722222222222224 0.042708333333333334 0.024074074074074074
0 0.7072916666666667 0.5342592592592592 0.017708333333333333 0.012962962962962963
0 0.65234375 0.6842592592592592 0.0109375 0.012962962962962963
0 0.6559895833333333 0.7055555555555556 0.016145833333333335 0.012962962962962963
0 0.7145833333333333 0.774537037037037 0.011458333333333333 0.021296296296296296
0 0.7223958333333333 0.7481481481481481 0.019791666666666666 0.025925925925925925
0 0.7828125 0.6412037037037037 0.010416666666666666 0.019444444444444445
0 0.81015625 0.7361111111111112 0.021354166666666667 0.020370370370370372
0 0.7958333333333333 0.7564814814814815 0.0125 0.020370370370370372
0 0.5166666666666667 0.5875 0.01875 0.01574074074074074
0 0.4315104166666667 0.6296296296296297 0.011979166666666667 0.014814814814814815
0 0.46848958333333335 0.5199074074074074 0.0171875 0.01574074074074074
0 0.5966145833333333 0.487962962962963 0.009895833333333333 0.03518518518518519
0 0.61640625 0.5555555555555556 0.0140625 0.022222222222222223
0 0.659375 0.7527777777777778 0.0125 0.020370370370370372
0 0.64765625 0.7615740740740741 0.008854166666666666 0.013888888888888888
0 0.7166666666666667 0.7791666666666667 0.011458333333333333 0.01574074074074074
0 0.5588541666666667 0.3921296296296296 0.009375 0.019444444444444445
0 0.34296875 0.40879629629629627 0.016145833333333335 0.01574074074074074
0 0.26119791666666664 0.36203703703703705 0.008854166666666666 0.016666666666666666
0 0.21875 0.3453703703703704 0.010416666666666666 0.016666666666666666
0 0.24348958333333334 0.32592592592592595 0.015104166666666667 0.012962962962962963
0 0.34739583333333335 0.3527777777777778 0.010416666666666666 0.012962962962962963
0 0.41875 0.2962962962962963 0.010416666666666666 0.007407407407407408
0 0.6515625 0.23287037037037037 0.014583333333333334 0.01574074074074074
0 0.7041666666666667 0.2125 0.008333333333333333 0.013888888888888888
0 0.7065104166666667 0.22361111111111112 0.011979166666666667 0.013888888888888888
0 0.16666666666666666 0.8388888888888889 0.013541666666666667 0.018518518518518517
0 0.15416666666666667 0.7824074074074074 0.01875 0.020370370370370372
0 0.1625 0.8972222222222223 0.009375 0.020370370370370372
0 0.26276041666666666 0.624537037037037 0.009895833333333333 0.017592592592592594
0 0.2830729166666667 0.6324074074074074 0.0067708333333333336 0.018518518518518517
0 0.3020833333333333 0.7310185185185185 0.013541666666666667 0.023148148148148147
0 0.36640625 0.6986111111111111 0.0140625 0.019444444444444445
0 0.3796875 0.6754629629629629 0.013541666666666667 0.017592592592592594
0 0.6799479166666667 0.6546296296296297 0.008854166666666666 0.016666666666666666
0 0.9755208333333333 0.3162037037037037 0.028125 0.028703703703703703
0 0.8872395833333333 0.26064814814814813 0.0109375 0.021296296296296296
0 0.9419270833333333 0.9800925925925926 0.034895833333333334 0.03981481481481482
0 0.9934895833333334 0.6555555555555556 0.013020833333333334 0.02962962962962963
0 0.7815104166666667 0.23287037037037037 0.0296875 0.030555555555555555
0 0.71953125 0.5481481481481482 0.025520833333333333 0.02962962962962963
0 0.4942708333333333 0.44537037037037036 0.008333333333333333 0.014814814814814815
0 0.94609375 0.21805555555555556 0.0171875 0.019444444444444445
0 0.36380208333333336 0.5560185185185185 0.013020833333333334 0.013888888888888888
0 0.033854166666666664 0.7032407407407407 0.019791666666666666 0.028703703703703703
