0 0.029947916666666668 0.18333333333333332 0.059895833333333336 0.11296296296296296
0 0.2752604166666667 0.3611111111111111 0.0859375 0.07037037037037037
0 0.15768229166666667 0.21342592592592594 0.31536458333333334 0.3509259259259259
0 0.3938802083333333 0.45231481481481484 0.18203125 0.15092592592592594
0 0.539453125 0.3416666666666667 0.09140625 0.18333333333333332
0 0.6075520833333333 0.09166666666666666 0.0234375 0.05277777777777778
0 0.6510416666666666 0.1525462962962963 0.0234375 0.05416666666666667
0 0.68046875 0.20023148148148148 0.024479166666666666 0.06157407407407407
0 0.6458333333333334 0.23541666666666666 0.015625 0.04212962962962963
0 0.6826822916666667 0.25300925925925927 0.021614583333333333 0.04398148148148148
0 0.679296875 0.3 0.03203125 0.032407407407407406
0 0.7028645833333333 0.31180555555555556 0.059895833333333336 0.0699074074074074
0 0.7149739583333333 0.12222222222222222 0.02890625 0.0712962962962963
0 0.74453125 0.1571759259259259 0.029166666666666667 0.05694444444444444
0 0.7673177083333333 0.20208333333333334 0.05026041666666667 0.059722222222222225
0 0.7716145833333333 0.27546296296296297 0.034375 0.11203703703703703
0 0.8338541666666667 0.2488425925925926 0.065625 0.07175925925925926
0 0.8329427083333333 0.30324074074074076 0.06692708333333333 0.10185185185185185
0 0.6501302083333333 0.475 0.09557291666666666 0.12685185185185185
0 0.932421875 0.3384259259259259 0.13515625 0.26944444444444443
0 0.921484375 0.5840277777777778 0.06640625 0.1087962962962963
0 0.7705729166666667 0.5405092592592593 0.36302083333333335 0.4912037037037037
0 0.9036458333333334 0.7023148148148148 0.16145833333333334 0.16018518518518518
0 0.926953125 0.7715277777777778 0.14609375 0.23935185185185184
0 0.9678385416666667 0.9122685185185185 0.05703125 0.1625
0 0.8688802083333333 0.8703703703703703 0.06536458333333334 0.14074074074074075
0 0.7354166666666667 0.7726851851851851 0.06875 0.1527777777777778
0 0.7462239583333333 0.8384259259259259 0.15234375 0.30185185185185187
0 0.5618489583333334 0.5479166666666667 0.12994791666666666 0.2152777777777778
0 0.509375 0.5412037037037037 0.05625 0.08055555555555556
0 0.5973958333333333 0.5444444444444444 0.042708333333333334 0.08703703703703704
0 0.603125 0.7451388888888889 0.1765625 0.31712962962962965
0 0.501171875 0.8664351851851851 0.13203125 0.2523148148148148
0 0.47122395833333336 0.6511574074074075 0.13515625 0.3143518518518518
0 0.45234375 0.6083333333333333 0.12916666666666668 0.175
0 0.39036458333333335 0.6800925925925926 0.0453125 0.18055555555555555
0 0.308984375 0.5451388888888888 0.13932291666666666 0.15324074074074073
0 0.18450520833333334 0.54375 0.19192708333333333 0.24212962962962964
0 0.03723958333333333 0.5467592592592593 0.07447916666666667 0.13333333333333333
0 0.157421875 0.7506944444444444 0.19713541666666667 0.25416666666666665
0 0.27565104166666665 0.7594907407407407 0.09140625 0.20046296296296295
0 0.35403645833333336 0.8152777777777778 0.24661458333333333 0.36944444444444446
0 0.38359375 0.7224537037037037 0.13229166666666667 0.3300925925925926
0 0.284765625 0.9039351851851852 0.19192708333333333 0.1912037037037037
0 0.6421875 0.35185185185185186 0.019791666666666666 0.05
0 0.6455729166666667 0.375 0.015104166666666667 0.025925925925925925
0 0.6161458333333333 0.37592592592592594 0.027083333333333334 0.03148148148148148
0 0.6067708333333334 0.38564814814814813 0.08541666666666667 0.08611111111111111
0 0.5721354166666667 0.31157407407407406 0.0234375 0.11388888888888889
0 0.5059895833333333 0.387037037037037 0.06822916666666666 0.07037037037037037
0 0.15989583333333332 0.19490740740740742 0.3 0.2824074074074074
0 0.0921875 0.9222222222222223 0.05625 0.15555555555555556
0 0.8703125 0.9106481481481481 0.11770833333333333 0.10277777777777777
0 0.6005208333333333 0.9032407407407408 0.08229166666666667 0.18981481481481483
