0 0.22447916666666667 0.08125 0.2484375 0.1625
0 0.12174479166666667 0.21736111111111112 0.04505208333333333 0.15694444444444444
0 0.04114583333333333 0.2831018518518518 0.08229166666666667 0.2375
0 0.26067708333333334 0.39560185185185187 0.0828125 0.2013888888888889
0 0.43854166666666666 0.2791666666666667 0.15989583333333332 0.14722222222222223
0 0.5841145833333333 0.18125 0.078125 0.09675925925925925
0 0.6955729166666667 0.2861111111111111 0.253125 0.18611111111111112
0 0.7598958333333333 0.607175925925926 0.21302083333333333 0.14305555555555555
0 0.8700520833333333 0.6824074074074075 0.20729166666666668 0.1287037037037037
0 0.5298177083333333 0.3398148148148148 0.06640625 0.13703703703703704
0 0.5350260416666667 0.46782407407407406 0.12786458333333334 0.2375
0 0.59453125 0.4914351851851852 0.11979166666666667 0.2773148148148148
0 0.617578125 0.5386574074074074 0.06640625 0.2569444444444444
0 0.551171875 0.5828703703703704 0.15651041666666668 0.19537037037037036
0 0.44296875 0.6497685185185185 0.1390625 0.17083333333333334
0 0.4171875 0.6638888888888889 0.209375 0.13333333333333333
0 0.378125 0.5972222222222222 0.13125 0.10185185185185185
0 0.37057291666666664 0.5254629629629629 0.13072916666666667 0.13425925925925927
0 0.463671875 0.5053240740740741 0.10338541666666666 0.15601851851851853
0 0.8716145833333333 0.47962962962962963 0.10572916666666667 0.07407407407407407
0 0.9513020833333333 0.4703703703703704 0.0328125 0.053703703703703705
0 0.9635416666666666 0.39166666666666666 0.03125 0.03888888888888889
0 0.8958333333333334 0.38333333333333336 0.04375 0.044444444444444446
0 0.98046875 0.49537037037037035 0.0390625 0.044444444444444446
0 0.9388020833333334 0.3726851851851852 0.05677083333333333 0.04722222222222222
0 0.9768229166666667 0.23564814814814813 0.025520833333333333 0.026851851851851852
0 0.8942708333333333 0.20555555555555555 0.017708333333333333 0.024074074074074074
0 0.13411458333333334 0.2986111111111111 0.033854166666666664 0.04537037037037037
0 0.6747395833333333 0.34444444444444444 0.0484375 0.06481481481481481
0 0.95390625 0.8277777777777777 0.05572916666666667 0.05185185185185185
0 0.9815104166666667 0.8078703703703703 0.03697916666666667 0.05092592592592592
0 0.5549479166666667 0.30185185185185187 0.04114583333333333 0.08518518518518518
0 0.5533854166666666 0.7462962962962963 0.11927083333333334 0.1425925925925926
0 0.6986979166666667 0.4134259259259259 0.0609375 0.09722222222222222
0 0.15234375 0.950462962962963 0.04010416666666667 0.06574074074074074
0 0.18385416666666668 0.9023148148148148 0.03958333333333333 0.041666666666666664
0 0.11744791666666667 0.987037037037037 0.043229166666666666 0.025925925925925925
0 0.07786458333333333 0.9861111111111112 0.04010416666666667 0.027777777777777776
0 0.19583333333333333 0.8416666666666667 0.046875 0.08888888888888889
0 0.31875 0.850925925925926 0.020833333333333332 0.037037037037037035
0 0.35260416666666666 0.8773148148148148 0.021875 0.03425925925925926
0 0.8973958333333333 0.6152777777777778 0.07916666666666666 0.125
