0 0.89140625 0.4847222222222222 0.03333333333333333 0.053703703703703705
0 0.7247395833333333 0.69375 0.051041666666666666 0.033796296296296297
0 0.6735677083333333 0.700462962962963 0.04401041666666667 0.03796296296296296
0 0.8263020833333333 0.8018518518518518 0.0484375 0.06296296296296296
0 0.5740885416666667 0.7888888888888889 0.04921875 0.04537037037037037
0 0.5390625 0.7203703703703703 0.042708333333333334 0.08148148148148149
0 0.57421875 0.8379629629629629 0.04010416666666667 0.037037037037037035
0 0.5783854166666667 0.2662037037037037 0.0140625 0.019444444444444445
0 0.6729166666666667 0.7736111111111111 0.029166666666666667 0.030555555555555555
0 0.6356770833333333 0.7694444444444445 0.0265625 0.037037037037037035
0 0.4510416666666667 0.5666666666666667 0.029166666666666667 0.04814814814814815
0 0.4166666666666667 0.5162037037037037 0.03958333333333333 0.04351851851851852
