0 0.29140625 0.6372685185185185 0.10885416666666667 0.06157407407407407
0 0.23658854166666668 0.7615740740740741 0.03046875 0.04351851851851852
0 0.37786458333333334 0.7824074074074074 0.028125 0.03888888888888889
0 0.453125 0.694675925925926 0.028125 0.03657407407407407
0 0.36328125 0.5456018518518518 0.034375 0.02638888888888889
0 0.45390625 0.5284722222222222 0.021354166666666667 0.018055555555555554
0 0.4583333333333333 0.549537037037037 0.0140625 0.032407407407407406
0 0.54140625 0.587037037037037 0.0234375 0.02962962962962963
0 0.05677083333333333 0.3506944444444444 0.06614583333333333 0.04953703703703704
0 0.013802083333333333 0.3972222222222222 0.027604166666666666 0.04259259259259259
0 0.12135416666666667 0.22893518518518519 0.015625 0.029166666666666667
0 0.3106770833333333 0.3701388888888889 0.04114583333333333 0.029166666666666667
0 0.6375 0.39537037037037037 0.025520833333333333 0.03518518518518519
0 0.6354166666666666 0.4023148148148148 0.042708333333333334 0.028703703703703703
0 0.7916666666666666 0.5974537037037037 0.06354166666666666 0.04490740740740741
0 0.8166666666666667 0.2861111111111111 0.06458333333333334 0.037037037037037035
0 0.7705729166666667 0.2953703703703704 0.021354166666666667 0.03518518518518519
0 0.6049479166666667 0.18009259259259258 0.022395833333333334 0.026851851851851852
0 0.639453125 0.21134259259259258 0.02421875 0.02546296296296296
0 0.8916666666666667 0.5731481481481482 0.06354166666666666 0.044444444444444446
0 0.8234375 0.5527777777777778 0.04791666666666667 0.03518518518518519
0 0.9618489583333333 0.39791666666666664 0.07369791666666667 0.05694444444444444
0 0.8828125 0.7023148148148148 0.0859375 0.041666666666666664
0 0.96875 0.5625 0.0625 0.04537037037037037
0 0.97578125 0.6310185185185185 0.0484375 0.1175925925925926
0 0.06458333333333334 0.25277777777777777 0.022916666666666665 0.044444444444444446
0 0.6234375 0.3402777777777778 0.03229166666666667 0.03796296296296296
0 0.6161458333333333 0.2 0.03958333333333333 0.05740740740740741
0 0.70546875 0.21574074074074073 0.025520833333333333 0.06111111111111111
0 0.7645833333333333 0.2263888888888889 0.016666666666666666 0.05462962962962963
0 0.9026041666666667 0.2490740740740741 0.017708333333333333 0.02962962962962963
0 0.5098958333333333 0.5055555555555555 0.09583333333333334 0.19814814814814816
0 0.6643229166666667 0.6837962962962963 0.12760416666666666 0.06574074074074074
0 0.6955729166666667 0.44583333333333336 0.04739583333333333 0.04722222222222222
0 0.6104166666666667 0.49027777777777776 0.0375 0.08981481481481482
0 0.5783854166666667 0.500462962962963 0.0359375 0.06944444444444445
0 0.24244791666666668 0.08148148148148149 0.0234375 0.025925925925925925
