0 0.4259114583333333 0.48032407407407407 0.023697916666666666 0.01712962962962963
0 0.294921875 0.4386574074074074 0.05390625 0.056018518518518516
0 0.37356770833333336 0.39814814814814814 0.21796875 0.17685185185185184
0 0.23958333333333334 0.0912037037037037 0.058333333333333334 0.10833333333333334
0 0.2546875 0.6083333333333333 0.025 0.026851851851851852
0 0.2677083333333333 0.5706018518518519 0.13854166666666667 0.11157407407407408
0 0.5265625 0.6287037037037037 0.1765625 0.1425925925925926
0 0.6567708333333333 0.5673611111111111 0.08229166666666667 0.10231481481481482
0 0.740625 0.44884259259259257 0.03958333333333333 0.14305555555555555
0 0.6919270833333333 0.6291666666666667 0.011979166666666667 0.013888888888888888
0 0.823046875 0.6789351851851851 0.01015625 0.02175925925925926
0 0.83203125 0.6643518518518519 0.013020833333333334 0.016666666666666666
0 0.9703125 0.6453703703703704 0.020833333333333332 0.018518518518518517
0 0.9330729166666667 0.6909722222222222 0.13385416666666666 0.20601851851851852
