0 0.08111979166666666 0.5981481481481481 0.011197916666666667 0.017592592592592594
0 0.09544270833333333 0.6 0.010677083333333334 0.017592592592592594
0 0.13854166666666667 0.6474537037037037 0.015104166666666667 0.027314814814814816
0 0.22643229166666667 0.6782407407407407 0.026302083333333334 0.021296296296296296
0 0.26614583333333336 0.6675925925925926 0.020833333333333332 0.027777777777777776
0 0.2618489583333333 0.5946759259259259 0.010677083333333334 0.03287037037037037
0 0.31731770833333334 0.6483796296296296 0.02578125 0.0375
0 0.385546875 0.6256944444444444 0.037760416666666664 0.04212962962962963
0 0.436328125 0.6270833333333333 0.029947916666666668 0.029166666666666667
0 0.4454427083333333 0.6685185185185185 0.02890625 0.02962962962962963
0 0.07252604166666667 0.5354166666666667 0.01171875 0.047685185185185185
0 0.06653645833333334 0.50625 0.01171875 0.027314814814814816
0 0.08723958333333333 0.4375 0.008854166666666666 0.025
0 0.6721354166666667 0.42962962962962964 0.0067708333333333336 0.003703703703703704
0 0.837890625 0.6483796296296296 0.01171875 0.014351851851851852
0 0.9174479166666667 0.6472222222222223 0.134375 0.12314814814814815
0 0.9712239583333333 0.5069444444444444 0.01484375 0.018518518518518517
0 0.9501302083333333 0.46574074074074073 0.010677083333333334 0.012962962962962963
0 0.93828125 0.4798611111111111 0.011458333333333333 0.018055555555555554
0 0.8833333333333333 0.4289351851851852 0.010416666666666666 0.016203703703703703
0 0.7971354166666667 0.5069444444444444 0.009895833333333333 0.01574074074074074
0 0.7877604166666666 0.48935185185185187 0.016145833333333335 0.017592592592592594
0 0.7697916666666667 0.5120370370370371 0.009375 0.012962962962962963
0 0.7244791666666667 0.4847222222222222 0.010416666666666666 0.017592592592592594
0 0.7755208333333333 0.42268518518518516 0.008333333333333333 0.012037037037037037
0 0.8311197916666667 0.756712962962963 0.021614583333333333 0.02824074074074074
0 0.46015625 0.663425925925926 0.0421875 0.03611111111111111
0 0.2947916666666667 0.7291666666666666 0.0125 0.019444444444444445
0 0.23567708333333334 0.17175925925925925 0.011979166666666667 0.032407407407407406
0 0.17317708333333334 0.30787037037037035 0.013020833333333334 0.026851851851851852
0 0.07057291666666667 0.18287037037037038 0.016145833333333335 0.028703703703703703
0 0.17083333333333334 0.4217592592592593 0.010416666666666666 0.026851851851851852
0 0.5544270833333333 0.5148148148148148 0.024479166666666666 0.06666666666666667
0 0.6739583333333333 0.43425925925925923 0.011458333333333333 0.016666666666666666
0 0.92421875 0.7129629629629629 0.0109375 0.022222222222222223
