0 0.34453125 0.5627314814814814 0.1734375 0.17546296296296296
0 0.4036458333333333 0.5328703703703703 0.13333333333333333 0.16944444444444445
0 0.5354166666666667 0.562037037037037 0.16458333333333333 0.18518518518518517
0 0.6967447916666667 0.5208333333333334 0.14401041666666667 0.11018518518518519
0 0.7282552083333333 0.6777777777777778 0.2565104166666667 0.19722222222222222
0 0.8654947916666667 0.5185185185185185 0.15182291666666667 0.22685185185185186
0 0.9385416666666667 0.45694444444444443 0.08541666666666667 0.11203703703703703
0 0.9756510416666667 0.5319444444444444 0.04869791666666667 0.2
0 0.8265625 0.3888888888888889 0.09427083333333333 0.0787037037037037
0 0.921484375 0.36689814814814814 0.10130208333333333 0.09490740740740741
0 0.7272135416666666 0.36319444444444443 0.13046875 0.15324074074074073
0 0.276171875 0.37430555555555556 0.22317708333333333 0.17083333333333334
0 0.43111979166666664 0.3974537037037037 0.12369791666666667 0.12268518518518519
0 0.600390625 0.3474537037037037 0.11119791666666666 0.18194444444444444
0 0.5234375 0.1673611111111111 0.24947916666666667 0.3347222222222222
0 0.9861979166666667 0.7833333333333333 0.022395833333333334 0.0962962962962963
