0 0.051171875 0.7395833333333334 0.07109375 0.055092592592592596
0 0.049088541666666666 0.6618055555555555 0.09817708333333333 0.1087962962962963
0 0.22786458333333334 0.6902777777777778 0.10572916666666667 0.0962962962962963
0 0.07005208333333333 0.8208333333333333 0.075 0.08055555555555556
0 0.128515625 0.812962962962963 0.14817708333333332 0.12407407407407407
0 0.09635416666666667 0.7675925925925926 0.05625 0.04259259259259259
0 0.14557291666666666 0.7011574074074074 0.17760416666666667 0.10787037037037037
0 0.2734375 0.7914351851851852 0.10052083333333334 0.0912037037037037
0 0.38984375 0.8861111111111111 0.06614583333333333 0.13055555555555556
0 0.45221354166666666 0.9025462962962963 0.07994791666666666 0.10231481481481482
0 0.3595052083333333 0.6988425925925926 0.05130208333333333 0.056018518518518516
0 0.40481770833333336 0.7974537037037037 0.07005208333333333 0.06157407407407407
0 0.48515625 0.6395833333333333 0.053125 0.06157407407407407
0 0.5296875 0.606712962962963 0.090625 0.09027777777777778
0 0.6040364583333333 0.6060185185185185 0.09348958333333333 0.14166666666666666
0 0.29244791666666664 0.61875 0.10208333333333333 0.25324074074074077
0 0.367578125 0.5106481481481482 0.10286458333333333 0.15185185185185185
0 0.3846354166666667 0.549074074074074 0.13385416666666666 0.1648148148148148
0 0.5430989583333333 0.7136574074074075 0.055989583333333336 0.06342592592592593
0 0.45546875 0.6995370370370371 0.17135416666666667 0.16018518518518518
0 0.5861979166666667 0.7125 0.0203125 0.024074074074074074
0 0.6 0.7289351851851852 0.015104166666666667 0.024537037037037038
0 0.6544270833333333 0.7011574074074074 0.020833333333333332 0.01898148148148148
0 0.6516927083333334 0.6814814814814815 0.025260416666666667 0.030555555555555555
0 0.6626302083333333 0.6331018518518519 0.01796875 0.022685185185185187
0 0.694140625 0.66875 0.012239583333333333 0.02175925925925926
0 0.6692708333333334 0.7233796296296297 0.025520833333333333 0.020833333333333332
0 0.6834635416666667 0.7083333333333334 0.01171875 0.020370370370370372
0 0.730078125 0.662962962962963 0.017447916666666667 0.024074074074074074
0 0.7235677083333333 0.7418981481481481 0.009114583333333334 0.024537037037037038
0 0.7313802083333333 0.7245370370370371 0.014322916666666666 0.025925925925925925
0 0.69296875 0.5425925925925926 0.0171875 0.022222222222222223
0 0.8444010416666666 0.5321759259259259 0.08151041666666667 0.06712962962962964
0 0.8725260416666667 0.4532407407407407 0.023697916666666666 0.019444444444444445
0 0.8740885416666667 0.4726851851851852 0.02734375 0.019444444444444445
0 0.8361979166666667 0.6055555555555555 0.025 0.03333333333333333
0 0.9244791666666666 0.531712962962963 0.010416666666666666 0.01898148148148148
0 0.9295572916666667 0.44722222222222224 0.013802083333333333 0.023148148148148147
0 0.9740885416666667 0.5430555555555555 0.05182291666666667 0.04259259259259259
0 0.8493489583333333 0.7106481481481481 0.02265625 0.02962962962962963
0 0.887109375 0.6777777777777778 0.038802083333333334 0.06296296296296296
0 0.8752604166666667 0.6064814814814815 0.06510416666666667 0.0712962962962963
0 0.9854166666666667 0.6333333333333333 0.029166666666666667 0.032407407407407406
0 0.992578125 0.7041666666666667 0.011197916666666667 0.014814814814814815
0 0.932421875 0.7155092592592592 0.02109375 0.02546296296296296
0 0.9001302083333333 0.7189814814814814 0.025260416666666667 0.025925925925925925
0 0.8326822916666666 0.7136574074074075 0.015885416666666666 0.01990740740740741
0 0.9201822916666667 0.8534722222222222 0.10078125 0.10601851851851851
0 0.7946614583333333 0.830787037037037 0.13671875 0.10787037037037037
0 0.79296875 0.7386574074074074 0.030208333333333334 0.02546296296296296
0 0.5251302083333333 0.8905092592592593 0.06588541666666667 0.1699074074074074
0 0.61484375 0.9289351851851851 0.125 0.09583333333333334
0 0.7595052083333333 0.9597222222222223 0.06588541666666667 0.08055555555555556
0 0.13671875 0.9296296296296296 0.0859375 0.10185185185185185
0 0.7822916666666667 0.7013888888888888 0.009375 0.017592592592592594
0 0.7424479166666667 0.975925925925926 0.0546875 0.04814814814814815
0 0.5481770833333334 0.7643518518518518 0.033854166666666664 0.09537037037037037
0 0.4348958333333333 0.6273148148148148 0.051041666666666666 0.058333333333333334
0 0.32083333333333336 0.5319444444444444 0.042708333333333334 0.05462962962962963
