0 0.653515625 0.6606481481481481 0.19505208333333332 0.16944444444444445
0 0.6045572916666667 0.5148148148148148 0.17578125 0.25925925925925924
0 0.658203125 0.5069444444444444 0.12630208333333334 0.12962962962962962
0 0.8018229166666667 0.5717592592592593 0.05572916666666667 0.04537037037037037
0 0.8309895833333333 0.4898148148148148 0.03802083333333333 0.044444444444444446
0 0.8721354166666667 0.525 0.0296875 0.03148148148148148
0 0.7622395833333333 0.46620370370370373 0.024479166666666666 0.03611111111111111
0 0.8020833333333334 0.4162037037037037 0.05520833333333333 0.041666666666666664
0 0.93515625 0.375 0.022395833333333334 0.025925925925925925
0 0.9075520833333334 0.4486111111111111 0.030729166666666665 0.028703703703703703
0 0.8744791666666667 0.45185185185185184 0.025 0.027777777777777776
0 0.86796875 0.47962962962962963 0.027604166666666666 0.025925925925925925
0 0.54765625 0.28032407407407406 0.04479166666666667 0.1337962962962963
0 0.5408854166666667 0.27685185185185185 0.03697916666666667 0.16111111111111112
0 0.5888020833333333 0.28055555555555556 0.028645833333333332 0.024074074074074074
0 0.640625 0.2759259259259259 0.028125 0.016666666666666666
0 0.63046875 0.25601851851851853 0.016145833333333335 0.01574074074074074
0 0.67890625 0.2828703703703704 0.034895833333333334 0.01574074074074074
0 0.7643229166666666 0.30092592592592593 0.028645833333333332 0.024074074074074074
0 0.12565104166666666 0.22800925925925927 0.07682291666666667 0.22916666666666666
0 0.087109375 0.2743055555555556 0.13880208333333333 0.2652777777777778
0 0.18658854166666666 0.5118055555555555 0.08515625 0.3236111111111111
0 0.12083333333333333 0.5185185185185185 0.11770833333333333 0.08888888888888889
0 0.18528645833333332 0.7652777777777777 0.19088541666666667 0.1935185185185185
0 0.43255208333333334 0.7826388888888889 0.1734375 0.09675925925925925
0 0.34739583333333335 0.6340277777777777 0.14010416666666667 0.20324074074074075
0 0.33033854166666665 0.6212962962962963 0.14869791666666668 0.14351851851851852
0 0.4140625 0.5611111111111111 0.15364583333333334 0.24259259259259258
0 0.4557291666666667 0.5291666666666667 0.14010416666666667 0.2740740740740741
0 0.5869791666666667 0.5425925925925926 0.15104166666666666 0.3314814814814815
0 0.4967447916666667 0.5090277777777777 0.10442708333333334 0.2152777777777778
0 0.018489583333333334 0.21296296296296297 0.03697916666666667 0.09444444444444444
0 0.409375 0.6861111111111111 0.053125 0.07407407407407407
0 0.4518229166666667 0.624537037037037 0.06822916666666666 0.11944444444444445
0 0.559375 0.44675925925925924 0.09791666666666667 0.10092592592592593
0 0.7075520833333333 0.5259259259259259 0.06614583333333333 0.10740740740740741
