0 0.054036458333333336 0.2951388888888889 0.06171875 0.0875
0 0.121484375 0.26851851851851855 0.08203125 0.05925925925925926
0 0.25104166666666666 0.19074074074074074 0.1171875 0.15462962962962962
0 0.31666666666666665 0.14305555555555555 0.059895833333333336 0.07314814814814814
0 0.36276041666666664 0.1865740740740741 0.057291666666666664 0.05925925925925926
0 0.34153645833333335 0.2747685185185185 0.025260416666666667 0.08564814814814815
0 0.166015625 0.6296296296296297 0.17109375 0.13425925925925927
0 0.47213541666666664 0.5402777777777777 0.17604166666666668 0.25833333333333336
0 0.3924479166666667 0.25925925925925924 0.0390625 0.040740740740740744
0 0.6513020833333333 0.2796296296296296 0.018229166666666668 0.053703703703703705
0 0.49140625 0.00787037037037037 0.0515625 0.01574074074074074
