0 0.744921875 0.1025462962962963 0.12213541666666666 0.09398148148148149
0 0.8947916666666667 0.2375 0.15625 0.1638888888888889
0 0.94296875 0.29282407407407407 0.06979166666666667 0.04861111111111111
0 0.4024739583333333 0.34930555555555554 0.25286458333333334 0.20694444444444443
0 0.22369791666666666 0.4724537037037037 0.10052083333333334 0.06898148148148148
0 0.38958333333333334 0.5613425925925926 0.1328125 0.09768518518518518
0 0.37721354166666665 0.6689814814814815 0.11953125 0.09166666666666666
0 0.4095052083333333 0.7736111111111111 0.13828125 0.08796296296296297
0 0.11145833333333334 0.7106481481481481 0.03333333333333333 0.10925925925925926
0 0.08020833333333334 0.5969907407407408 0.10364583333333334 0.07731481481481481
0 0.029036458333333334 0.5486111111111112 0.05807291666666667 0.08333333333333333
0 0.061848958333333336 0.48657407407407405 0.07473958333333333 0.06666666666666667
0 0.006510416666666667 0.3888888888888889 0.013020833333333334 0.03518518518518519
0 0.9799479166666667 0.6310185185185185 0.0390625 0.08055555555555556
0 0.93125 0.8782407407407408 0.014583333333333334 0.030555555555555555
