0 0.04973958333333333 0.05578703703703704 0.029166666666666667 0.0412037037037037
0 0.023177083333333334 0.1261574074074074 0.03125 0.03935185185185185
0 0.07799479166666666 0.09143518518518519 0.026302083333333334 0.02546296296296296
0 0.07135416666666666 0.009722222222222222 0.028645833333333332 0.019444444444444445
0 0.1328125 0.09444444444444444 0.015104166666666667 0.05462962962962963
0 0.09778645833333334 0.18773148148148147 0.022135416666666668 0.02546296296296296
0 0.04921875 0.22407407407407406 0.016145833333333335 0.03796296296296296
0 0.20651041666666667 0.01875 0.03125 0.03564814814814815
0 0.19388020833333333 0.08726851851851852 0.03671875 0.05138888888888889
0 0.23046875 0.06412037037037037 0.022916666666666665 0.04861111111111111
0 0.22942708333333334 0.04675925925925926 0.0140625 0.03425925925925926
0 0.21848958333333332 0.14837962962962964 0.015104166666666667 0.029166666666666667
0 0.191796875 0.16666666666666666 0.024739583333333332 0.024074074074074074
0 0.20755208333333333 0.2263888888888889 0.020833333333333332 0.03611111111111111
0 0.222265625 0.22592592592592592 0.015885416666666666 0.018518518518518517
0 0.225 0.2037037037037037 0.015104166666666667 0.032407407407407406
0 0.25872395833333334 0.18171296296296297 0.02265625 0.09212962962962963
0 0.2713541666666667 0.17592592592592593 0.013541666666666667 0.018518518518518517
0 0.2953125 0.1752314814814815 0.023958333333333335 0.029166666666666667
0 0.280078125 0.09907407407407408 0.02265625 0.025925925925925925
0 0.15716145833333334 0.21805555555555556 0.024739583333333332 0.03518518518518519
0 0.16393229166666667 0.2657407407407407 0.023697916666666666 0.041666666666666664
0 0.13346354166666666 0.2983796296296296 0.05130208333333333 0.03657407407407407
0 0.177734375 0.29467592592592595 0.04192708333333333 0.04861111111111111
0 0.16484375 0.3527777777777778 0.027604166666666666 0.028703703703703703
0 0.29010416666666666 0.26435185185185184 0.027604166666666666 0.025
0 0.281640625 0.32037037037037036 0.04869791666666667 0.028703703703703703
0 0.42044270833333336 0.19375 0.05182291666666667 0.07546296296296297
0 0.42473958333333334 0.05694444444444444 0.015625 0.027777777777777776
0 0.45755208333333336 0.11597222222222223 0.019270833333333334 0.04675925925925926
0 0.4669270833333333 0.1361111111111111 0.008854166666666666 0.03888888888888889
0 0.4890625 0.14328703703703705 0.0203125 0.04212962962962963
0 0.4928385416666667 0.11087962962962963 0.029427083333333333 0.0625
0 0.502734375 0.1099537037037037 0.02890625 0.08009259259259259
0 0.53515625 0.049074074074074076 0.024479166666666666 0.025925925925925925
0 0.509375 0.013194444444444444 0.058333333333333334 0.02638888888888889
0 0.65078125 0.025694444444444443 0.0328125 0.05138888888888889
0 0.6188802083333333 0.13842592592592592 0.02421875 0.041666666666666664
0 0.5828125 0.16597222222222222 0.017708333333333333 0.03564814814814815
0 0.5078125 0.2462962962962963 0.016666666666666666 0.020370370370370372
0 0.496484375 0.2449074074074074 0.026302083333333334 0.05740740740740741
0 0.47369791666666666 0.2724537037037037 0.028645833333333332 0.03657407407407407
0 0.42890625 0.2502314814814815 0.0296875 0.031018518518518518
0 0.451171875 0.32013888888888886 0.032552083333333336 0.04027777777777778
0 0.44869791666666664 0.3337962962962963 0.019270833333333334 0.023148148148148147
0 0.3854166666666667 0.3266203703703704 0.035416666666666666 0.03935185185185185
0 0.35794270833333336 0.25625 0.01953125 0.03564814814814815
0 0.40768229166666664 0.34305555555555556 0.021614583333333333 0.03333333333333333
0 0.37864583333333335 0.35625 0.026041666666666668 0.027314814814814816
0 0.3787760416666667 0.40347222222222223 0.03046875 0.04490740740740741
0 0.3963541666666667 0.39166666666666666 0.008333333333333333 0.024074074074074074
0 0.41067708333333336 0.37407407407407406 0.011979166666666667 0.02962962962962963
0 0.42578125 0.39490740740740743 0.016145833333333335 0.01574074074074074
0 0.4557291666666667 0.40023148148148147 0.029166666666666667 0.04675925925925926
0 0.4884114583333333 0.3611111111111111 0.024739583333333332 0.058333333333333334
0 0.523828125 0.3402777777777778 0.012239583333333333 0.03333333333333333
0 0.5231770833333333 0.3159722222222222 0.036458333333333336 0.034722222222222224
0 0.5330729166666667 0.26296296296296295 0.0296875 0.040740740740740744
0 0.5768229166666666 0.2550925925925926 0.022395833333333334 0.023148148148148147
0 0.6067708333333334 0.24305555555555555 0.013541666666666667 0.017592592592592594
0 0.5779947916666667 0.2361111111111111 0.04088541666666667 0.049074074074074076
0 0.619140625 0.24722222222222223 0.02109375 0.028703703703703703
0 0.6462239583333333 0.20532407407407408 0.018489583333333334 0.038425925925925926
0 0.6540364583333333 0.23310185185185187 0.019010416666666665 0.033796296296296297
0 0.7024739583333334 0.1625 0.029947916666666668 0.04537037037037037
0 0.7048177083333333 0.20601851851851852 0.019010416666666665 0.04537037037037037
0 0.7134114583333333 0.22314814814814815 0.032552083333333336 0.03518518518518519
0 0.733203125 0.27523148148148147 0.01953125 0.055092592592592596
0 0.7197916666666667 0.2884259259259259 0.01875 0.03888888888888889
0 0.6216145833333333 0.3196759259259259 0.0421875 0.034722222222222224
0 0.61171875 0.3148148148148148 0.024479166666666666 0.024074074074074074
0 0.5786458333333333 0.3326388888888889 0.03802083333333333 0.03287037037037037
0 0.09674479166666666 0.3662037037037037 0.03619791666666667 0.03981481481481482
0 0.11510416666666666 0.34814814814814815 0.019791666666666666 0.020370370370370372
0 0.1234375 0.37824074074074077 0.030208333333333334 0.01574074074074074
0 0.1140625 0.39305555555555555 0.027083333333333334 0.013888888888888888
0 0.09765625 0.4391203703703704 0.023958333333333335 0.02546296296296296
0 0.13216145833333334 0.44537037037037036 0.048177083333333336 0.02962962962962963
0 0.16614583333333333 0.47685185185185186 0.0234375 0.025
0 0.18893229166666667 0.4842592592592593 0.023697916666666666 0.040740740740740744
0 0.22838541666666667 0.38078703703703703 0.028645833333333332 0.02175925925925926
0 0.233203125 0.418287037037037 0.020052083333333335 0.050462962962962966
0 0.24466145833333333 0.45625 0.04088541666666667 0.03287037037037037
0 0.2794270833333333 0.4516203703703704 0.034895833333333334 0.03194444444444444
0 0.296875 0.44050925925925927 0.024479166666666666 0.02546296296296296
0 0.321875 0.4263888888888889 0.034375 0.03888888888888889
0 0.33984375 0.4412037037037037 0.030208333333333334 0.03518518518518519
0 0.31692708333333336 0.46805555555555556 0.013020833333333334 0.01574074074074074
0 0.296875 0.4625 0.0125 0.01574074074074074
0 0.2794270833333333 0.4826388888888889 0.03125 0.052314814814814814
0 0.2662760416666667 0.5206018518518518 0.02578125 0.034722222222222224
0 0.314453125 0.4875 0.03619791666666667 0.032407407407407406
0 0.232421875 0.5122685185185185 0.023177083333333334 0.03194444444444444
0 0.20690104166666667 0.5256944444444445 0.03307291666666667 0.033796296296296297
0 0.25885416666666666 0.5449074074074074 0.035416666666666666 0.019444444444444445
0 0.26927083333333335 0.5622685185185186 0.0328125 0.03657407407407407
0 0.32786458333333335 0.5125 0.013020833333333334 0.019444444444444445
0 0.35299479166666664 0.5164351851851852 0.03515625 0.02361111111111111
0 0.3971354166666667 0.4395833333333333 0.028645833333333332 0.03657407407407407
0 0.3927083333333333 0.4847222222222222 0.043229166666666666 0.07592592592592592
0 0.41106770833333334 0.5076388888888889 0.021614583333333333 0.04212962962962963
0 0.38450520833333335 0.5388888888888889 0.027864583333333335 0.04537037037037037
0 0.412890625 0.46921296296296294 0.02109375 0.03287037037037037
0 0.43984375 0.4951388888888889 0.027604166666666666 0.01898148148148148
0 0.462109375 0.4960648148148148 0.04244791666666667 0.038425925925925926
0 0.47890625 0.49398148148148147 0.022395833333333334 0.025
0 0.45598958333333334 0.4287037037037037 0.0359375 0.03148148148148148
0 0.5016927083333333 0.44560185185185186 0.032552083333333336 0.056018518518518516
0 0.5033854166666667 0.4601851851851852 0.019270833333333334 0.02962962962962963
0 0.518359375 0.41689814814814813 0.02890625 0.0587962962962963
0 0.5256510416666667 0.49560185185185185 0.03463541666666667 0.04861111111111111
0 0.42291666666666666 0.544212962962963 0.022395833333333334 0.034722222222222224
0 0.4002604166666667 0.575925925925926 0.04791666666666667 0.05
0 0.38893229166666665 0.5777777777777777 0.03307291666666667 0.025925925925925925
0 0.384765625 0.5981481481481481 0.03046875 0.03981481481481482
0 0.374609375 0.6027777777777777 0.04192708333333333 0.028703703703703703
0 0.4375 0.5881944444444445 0.0296875 0.031018518518518518
0 0.48020833333333335 0.5414351851851852 0.026041666666666668 0.038425925925925926
0 0.5028645833333333 0.5592592592592592 0.0328125 0.028703703703703703
0 0.5049479166666667 0.587037037037037 0.030729166666666665 0.018518518518518517
0 0.49049479166666665 0.6050925925925926 0.023177083333333334 0.025925925925925925
0 0.48984375 0.631712962962963 0.029166666666666667 0.052314814814814814
0 0.49947916666666664 0.6361111111111111 0.020833333333333332 0.027777777777777776
0 0.4713541666666667 0.6444444444444445 0.029166666666666667 0.03796296296296296
0 0.5213541666666667 0.6215277777777778 0.04010416666666667 0.047685185185185185
0 0.5322916666666667 0.5935185185185186 0.021875 0.022222222222222223
0 0.5494791666666666 0.569212962962963 0.04114583333333333 0.033796296296296297
0 0.5477864583333333 0.5400462962962963 0.027864583333333335 0.04212962962962963
0 0.5609375 0.5416666666666666 0.016666666666666666 0.014814814814814815
0 0.57265625 0.48032407407407407 0.034895833333333334 0.033796296296296297
0 0.5350260416666667 0.3747685185185185 0.02109375 0.027314814814814816
0 0.6061197916666666 0.44513888888888886 0.025260416666666667 0.022685185185185187
0 0.5825520833333333 0.5601851851851852 0.0171875 0.018518518518518517
0 0.5877604166666667 0.5773148148148148 0.0203125 0.019444444444444445
0 0.5928385416666667 0.5469907407407407 0.03828125 0.056018518518518516
0 0.59921875 0.5259259259259259 0.0140625 0.03518518518518519
0 0.619921875 0.5263888888888889 0.023177083333333334 0.049074074074074076
0 0.5598958333333334 0.6094907407407407 0.035416666666666666 0.034722222222222224
0 0.584375 0.5944444444444444 0.030208333333333334 0.020370370370370372
0 0.2884114583333333 0.6085648148148148 0.029947916666666668 0.033796296296296297
0 0.3235677083333333 0.6456018518518518 0.03984375 0.02638888888888889
0 0.3338541666666667 0.5796296296296296 0.01875 0.020370370370370372
0 0.09036458333333333 0.6108796296296296 0.05625 0.031018518518518518
0 0.144921875 0.5918981481481481 0.06380208333333333 0.02638888888888889
0 0.091796875 0.5370370370370371 0.03828125 0.014814814814814815
0 0.16223958333333333 0.7303240740740741 0.052083333333333336 0.02824074074074074
0 0.2328125 0.7078703703703704 0.03802083333333333 0.062037037037037036
0 0.282421875 0.6331018518518519 0.03619791666666667 0.031018518518518518
0 0.3489583333333333 0.6335648148148149 0.030729166666666665 0.027314814814814816
0 0.351171875 0.6685185185185185 0.046614583333333334 0.05555555555555555
0 0.41484375 0.6817129629629629 0.028645833333333332 0.04027777777777778
0 0.41940104166666664 0.6664351851851852 0.030989583333333334 0.034722222222222224
0 0.3921875 0.6888888888888889 0.017708333333333333 0.037037037037037035
0 0.45026041666666666 0.7944444444444444 0.030729166666666665 0.046296296296296294
0 0.46640625 0.687037037037037 0.027083333333333334 0.044444444444444446
0 0.5002604166666667 0.6805555555555556 0.033854166666666664 0.014814814814814815
0 0.4947916666666667 0.6886574074074074 0.040625 0.04398148148148148
0 0.5419270833333333 0.705324074074074 0.0375 0.0587962962962963
0 0.054036458333333336 0.5208333333333334 0.040364583333333336 0.041666666666666664
0 0.05950520833333333 0.6611111111111111 0.04192708333333333 0.049074074074074076
0 0.31927083333333334 0.9085648148148148 0.0484375 0.07268518518518519
0 0.46328125 0.8824074074074074 0.027083333333333334 0.10185185185185185
0 0.10651041666666666 0.8914351851851852 0.03802083333333333 0.03009259259259259
0 0.05078125 0.425462962962963 0.034895833333333334 0.06018518518518518
0 0.0078125 0.3104166666666667 0.015625 0.0375
0 0.6341145833333334 0.38981481481481484 0.015104166666666667 0.022222222222222223
0 0.6955729166666667 0.394212962962963 0.03177083333333333 0.02546296296296296
0 0.7170572916666667 0.36041666666666666 0.025260416666666667 0.05694444444444444
0 0.7368489583333333 0.3675925925925926 0.028385416666666666 0.03518518518518519
0 0.7404947916666667 0.31689814814814815 0.025260416666666667 0.02546296296296296
0 0.68515625 0.47337962962962965 0.03125 0.034722222222222224
0 0.6940104166666666 0.4828703703703704 0.019270833333333334 0.019444444444444445
0 0.6390625 0.5444444444444444 0.026041666666666668 0.02962962962962963
0 0.6688802083333333 0.5409722222222222 0.04921875 0.0412037037037037
0 0.6604166666666667 0.4486111111111111 0.014583333333333334 0.013888888888888888
0 0.7194010416666666 0.5194444444444445 0.029947916666666668 0.06018518518518518
0 0.725 0.4949074074074074 0.011458333333333333 0.025
0 0.7759114583333333 0.506712962962963 0.04192708333333333 0.04675925925925926
0 0.8055989583333333 0.524074074074074 0.04609375 0.05185185185185185
0 0.7592447916666667 0.42662037037037037 0.024739583333333332 0.027314814814814816
0 0.7845052083333334 0.42685185185185187 0.026822916666666665 0.03981481481481482
0 0.8139322916666667 0.4115740740740741 0.02734375 0.028703703703703703
0 0.8223958333333333 0.43333333333333335 0.04375 0.03611111111111111
0 0.9001302083333333 0.42106481481481484 0.04088541666666667 0.03287037037037037
0 0.9015625 0.5375 0.03177083333333333 0.03333333333333333
0 0.694921875 0.6715277777777777 0.03463541666666667 0.052314814814814814
0 0.811328125 0.6513888888888889 0.02265625 0.03333333333333333
0 0.8274739583333334 0.7854166666666667 0.032552083333333336 0.031018518518518518
0 0.8264322916666667 0.7530092592592592 0.03411458333333333 0.03935185185185185
0 0.8921875 0.2865740740740741 0.0328125 0.03425925925925926
0 0.8680989583333333 0.23958333333333334 0.03203125 0.052314814814814814
0 0.9016927083333334 0.20324074074074075 0.038802083333333334 0.06018518518518518
0 0.966796875 0.24189814814814814 0.032552083333333336 0.055092592592592596
0 0.9772135416666666 0.25416666666666665 0.031510416666666666 0.05555555555555555
0 0.9432291666666667 0.3988425925925926 0.0234375 0.04953703703703704
0 0.01328125 0.4585648148148148 0.019791666666666666 0.04212962962962963
0 0.9830729166666666 0.5814814814814815 0.033854166666666664 0.03148148148148148
0 0.8229166666666666 0.6666666666666666 0.016666666666666666 0.044444444444444446
0 0.81328125 0.48842592592592593 0.021354166666666667 0.030555555555555555
0 0.9783854166666667 0.41805555555555557 0.043229166666666666 0.049074074074074076
0 0.7640625 0.2199074074074074 0.015625 0.030555555555555555
0 0.8317708333333333 0.2300925925925926 0.015625 0.030555555555555555
0 0.22734375 0.6412037037037037 0.0515625 0.030555555555555555
0 0.12760416666666666 0.6550925925925926 0.03958333333333333 0.026851851851851852
0 0.0875 0.4847222222222222 0.04583333333333333 0.03611111111111111
0 0.12135416666666667 0.4847222222222222 0.026041666666666668 0.03981481481481482
0 0.13880208333333333 0.5273148148148148 0.04010416666666667 0.03981481481481482
0 0.017708333333333333 0.5152777777777777 0.035416666666666666 0.03796296296296296
0 0.04921875 0.4986111111111111 0.027604166666666666 0.026851851851851852
0 0.004427083333333333 0.4527777777777778 0.008854166666666666 0.04259259259259259
0 0.21901041666666668 0.6125 0.0171875 0.026851851851851852
0 0.1109375 0.3976851851851852 0.03854166666666667 0.05277777777777778
0 0.03463541666666667 0.31805555555555554 0.033854166666666664 0.04537037037037037
0 0.009114583333333334 0.4060185185185185 0.018229166666666668 0.05462962962962963
0 0.08463541666666667 0.2412037037037037 0.0234375 0.03796296296296296
0 0.14244791666666667 0.3050925925925926 0.043229166666666666 0.08981481481481482
0 0.30625 0.788425925925926 0.03229166666666667 0.08611111111111111
0 0.32838541666666665 0.8018518518518518 0.0265625 0.07407407407407407
0 0.353125 0.7782407407407408 0.036458333333333336 0.04537037037037037
0 0.4109375 0.6375 0.023958333333333335 0.06574074074074074
0 0.315625 0.525 0.0375 0.06111111111111111
0 0.4234375 0.5592592592592592 0.036458333333333336 0.06296296296296296
0 0.39505208333333336 0.16527777777777777 0.022395833333333334 0.05462962962962963
0 0.40729166666666666 0.39166666666666666 0.04479166666666667 0.053703703703703705
0 0.5260416666666666 0.0625 0.051041666666666666 0.075
0 0.5916666666666667 0.2569444444444444 0.04479166666666667 0.07314814814814814
0 0.6455729166666667 0.45555555555555555 0.0453125 0.05925925925925926
0 0.4940104166666667 0.5800925925925926 0.06510416666666667 0.06388888888888888
0 0.6015625 0.6365740740740741 0.035416666666666666 0.03796296296296296
0 0.5854166666666667 0.6189814814814815 0.05416666666666667 0.05462962962962963
0 0.51328125 0.7305555555555555 0.0390625 0.05925925925925926
0 0.5453125 0.6287037037037037 0.04791666666666667 0.06851851851851852
