0 0.3821614583333333 0.06365740740740741 0.17630208333333333 0.10601851851851851
0 0.30950520833333334 0.5435185185185185 0.047135416666666666 0.10092592592592593
0 0.4354166666666667 0.38819444444444445 0.040625 0.08472222222222223
0 0.30104166666666665 0.2439814814814815 0.034375 0.20555555555555555
0 0.41744791666666664 0.5606481481481481 0.08020833333333334 0.10740740740740741
0 0.63984375 0.675 0.10052083333333334 0.18518518518518517
0 0.7876302083333333 0.6729166666666667 0.039322916666666666 0.15601851851851853
0 0.8475260416666667 0.586574074074074 0.11328125 0.08981481481481482
0 0.93671875 0.6858796296296297 0.1265625 0.19305555555555556
0 0.81640625 0.44583333333333336 0.08854166666666667 0.08703703703703704
0 0.87734375 0.22407407407407406 0.033854166666666664 0.075
0 0.9182291666666667 0.2011574074074074 0.029166666666666667 0.08194444444444444
0 0.9688802083333333 0.17777777777777778 0.061197916666666664 0.10555555555555556
0 0.7587239583333333 0.3784722222222222 0.12161458333333333 0.09675925925925925
0 0.6778645833333333 0.4361111111111111 0.0765625 0.2574074074074074
0 0.5990885416666667 0.5641203703703703 0.21015625 0.3912037037037037
0 0.61796875 0.31342592592592594 0.018229166666666668 0.030555555555555555
0 0.6359375 0.2912037037037037 0.01875 0.04351851851851852
0 0.65625 0.2902777777777778 0.0375 0.05462962962962963
0 0.7111979166666667 0.34629629629629627 0.07760416666666667 0.06111111111111111
0 0.9841145833333333 0.7777777777777778 0.03177083333333333 0.09074074074074075
0 0.8734375 0.28194444444444444 0.052083333333333336 0.05462962962962963
0 0.596875 0.2777777777777778 0.003125 0.003703703703703704
