0 0.9078125 0.01898148148148148 0.0328125 0.03796296296296296
0 0.775 0.014814814814814815 0.022916666666666665 0.02962962962962963
0 0.7873697916666667 0.03935185185185185 0.06848958333333334 0.05648148148148148
0 0.9811197916666666 0.06875 0.037760416666666664 0.06342592592592593
0 0.820703125 0.1502314814814815 0.05755208333333333 0.05787037037037037
0 0.9428385416666667 0.14953703703703702 0.05390625 0.058333333333333334
0 0.9770833333333333 0.13796296296296295 0.03854166666666667 0.06296296296296296
0 0.9169270833333333 0.15648148148148147 0.019270833333333334 0.03888888888888889
0 0.878125 0.22083333333333333 0.103125 0.08333333333333333
0 0.8513020833333333 0.5456018518518518 0.1421875 0.08935185185185185
0 0.6798177083333333 0.6627314814814815 0.22838541666666667 0.2337962962962963
0 0.64140625 0.7525462962962963 0.20104166666666667 0.13194444444444445
0 0.46653645833333335 0.8122685185185186 0.11432291666666666 0.20601851851851852
0 0.27044270833333334 0.9398148148148148 0.17994791666666668 0.12037037037037036
0 0.02734375 0.881712962962963 0.0546875 0.10046296296296296
0 0.06510416666666667 0.8583333333333333 0.11875 0.14722222222222223
0 0.12018229166666666 0.7446759259259259 0.22473958333333333 0.09675925925925925
0 0.17174479166666667 0.8944444444444445 0.07578125 0.1962962962962963
0 0.17903645833333334 0.7754629629629629 0.13098958333333333 0.1675925925925926
0 0.2805989583333333 0.73125 0.15338541666666666 0.14027777777777778
0 0.40651041666666665 0.6597222222222222 0.14635416666666667 0.18333333333333332
0 0.8274739583333334 0.30625 0.07942708333333333 0.07546296296296297
0 0.8190104166666666 0.2490740740740741 0.033854166666666664 0.05555555555555555
0 0.7657552083333333 0.2900462962962963 0.06796875 0.10231481481481482
0 0.6934895833333333 0.29560185185185184 0.0609375 0.04212962962962963
0 0.7552083333333334 0.21319444444444444 0.06354166666666666 0.07731481481481481
0 0.7861979166666667 0.23981481481481481 0.021354166666666667 0.04259259259259259
0 0.6861979166666666 0.23055555555555557 0.05625 0.09814814814814815
0 0.7020833333333333 0.18287037037037038 0.03854166666666667 0.04722222222222222
0 0.729296875 0.16805555555555557 0.04296875 0.05
0 0.6385416666666667 0.19305555555555556 0.028125 0.06574074074074074
0 0.5772135416666667 0.1511574074074074 0.04192708333333333 0.04027777777777778
0 0.56875 0.09421296296296296 0.035416666666666666 0.043055555555555555
0 0.7065104166666667 0.22546296296296298 0.04114583333333333 0.028703703703703703
0 0.54921875 0.22013888888888888 0.0171875 0.03935185185185185
0 0.45390625 0.13680555555555557 0.021875 0.03287037037037037
0 0.32591145833333335 0.1840277777777778 0.10598958333333333 0.14675925925925926
0 0.24479166666666666 0.16828703703703704 0.0421875 0.04583333333333333
0 0.2125 0.15046296296296297 0.025 0.04351851851851852
0 0.14322916666666666 0.05115740740740741 0.1125 0.10231481481481482
0 0.27838541666666666 0.03912037037037037 0.125 0.07731481481481481
0 0.37591145833333334 0.07685185185185185 0.07005208333333333 0.046296296296296294
0 0.36627604166666666 0.01898148148148148 0.062239583333333334 0.03796296296296296
0 0.44192708333333336 0.013888888888888888 0.06041666666666667 0.027777777777777776
0 0.5852864583333334 0.007407407407407408 0.04192708333333333 0.014814814814814815
0 0.07291666666666667 0.17685185185185184 0.14322916666666666 0.09722222222222222
0 0.1828125 0.3090277777777778 0.1203125 0.11527777777777778
0 0.033463541666666666 0.2824074074074074 0.06692708333333333 0.07407407407407407
0 0.04739583333333333 0.35324074074074074 0.03697916666666667 0.1
0 0.17044270833333333 0.5291666666666667 0.14869791666666668 0.11666666666666667
0 0.23190104166666667 0.48333333333333334 0.10182291666666667 0.17222222222222222
0 0.246875 0.40694444444444444 0.05625 0.06574074074074074
0 0.057421875 0.4962962962962963 0.11484375 0.12407407407407407
0 0.25546875 0.6099537037037037 0.0984375 0.11898148148148148
0 0.1875 0.6581018518518519 0.10885416666666667 0.10694444444444444
0 0.18411458333333333 0.6472222222222223 0.08177083333333333 0.18703703703703703
0 0.1140625 0.6546296296296297 0.06041666666666667 0.08518518518518518
0 0.05703125 0.5826388888888889 0.10104166666666667 0.09675925925925925
0 0.052473958333333334 0.6699074074074074 0.10390625 0.10648148148148148
0 0.6067708333333334 0.3386574074074074 0.090625 0.3347222222222222
0 0.7989583333333333 0.5 0.030208333333333334 0.05
0 0.7571614583333334 0.4877314814814815 0.07317708333333334 0.08842592592592592
0 0.7338541666666667 0.44305555555555554 0.046875 0.08055555555555556
0 0.4234375 0.34421296296296294 0.1 0.12824074074074074
0 0.3419270833333333 0.29953703703703705 0.05625 0.06759259259259259
0 0.3196614583333333 0.3738425925925926 0.12265625 0.11898148148148148
0 0.3444010416666667 0.46041666666666664 0.13880208333333333 0.1050925925925926
0 0.45026041666666666 0.4960648148148148 0.07395833333333333 0.23472222222222222
0 0.5401041666666667 0.5881944444444445 0.11770833333333333 0.16620370370370371
0 0.5856770833333333 0.5030092592592592 0.0671875 0.13564814814814816
0 0.69453125 0.4689814814814815 0.17447916666666666 0.21203703703703702
0 0.537109375 0.42430555555555555 0.05651041666666667 0.19953703703703704
0 0.5 0.4351851851851852 0.058333333333333334 0.19444444444444445
0 0.3514322916666667 0.5863425925925926 0.11484375 0.15601851851851853
0 0.09661458333333334 0.5296296296296297 0.1078125 0.10925925925925926
0 0.5510416666666667 0.7472222222222222 0.08125 0.2037037037037037
0 0.37838541666666664 0.549537037037037 0.0734375 0.10092592592592593
