0 0.05520833333333333 0.4949074074074074 0.11041666666666666 0.14351851851851852
0 0.19947916666666668 0.6703703703703704 0.13802083333333334 0.14814814814814814
0 0.366015625 0.7724537037037037 0.10026041666666667 0.11898148148148148
0 0.31015625 0.8645833333333334 0.08645833333333333 0.10046296296296296
0 0.45729166666666665 0.7136574074074075 0.0890625 0.10231481481481482
0 0.46627604166666664 0.8030092592592593 0.07369791666666667 0.09490740740740741
0 0.62890625 0.8641203703703704 0.1015625 0.0875
0 0.7763020833333333 0.8689814814814815 0.07395833333333333 0.07222222222222222
0 0.6173177083333333 0.9425925925925925 0.23151041666666666 0.11481481481481481
0 0.7522135416666667 0.9148148148148149 0.06692708333333333 0.07592592592592592
0 0.6484375 0.7178240740740741 0.14375 0.2671296296296296
0 0.55546875 0.7307870370370371 0.06770833333333333 0.23194444444444445
0 0.5622395833333333 0.8240740740740741 0.09114583333333333 0.11851851851851852
0 0.5247395833333334 0.7138888888888889 0.0421875 0.11851851851851852
0 0.72734375 0.8574074074074074 0.030729166666666665 0.08333333333333333
0 0.41822916666666665 0.7620370370370371 0.03958333333333333 0.07407407407407407
0 0.446875 0.8199074074074074 0.06041666666666667 0.08796296296296297
