0 0.389453125 0.6555555555555556 0.07213541666666666 0.06018518518518518
0 0.31341145833333334 0.7444444444444445 0.10598958333333333 0.08148148148148149
0 0.0546875 0.7261574074074074 0.09322916666666667 0.06620370370370371
0 0.07604166666666666 0.8011574074074074 0.09635416666666667 0.06435185185185185
0 0.225390625 0.8270833333333333 0.07005208333333333 0.0625
0 0.25924479166666664 0.8657407407407407 0.05182291666666667 0.08611111111111111
0 0.5576822916666667 0.8289351851851852 0.09661458333333334 0.07175925925925926
0 0.6716145833333333 0.774074074074074 0.0171875 0.024074074074074074
0 0.8071614583333333 0.6682870370370371 0.014322916666666666 0.03287037037037037
0 0.7434895833333334 0.8560185185185185 0.11979166666666667 0.17037037037037037
0 0.7963541666666667 0.9731481481481481 0.09791666666666667 0.053703703703703705
0 0.8850260416666667 0.8634259259259259 0.023697916666666666 0.06851851851851852
0 0.97578125 0.7222222222222222 0.030729166666666665 0.025925925925925925
0 0.9953125 0.6810185185185185 0.009375 0.04351851851851852
0 0.9096354166666667 0.8648148148148148 0.0390625 0.044444444444444446
