0 0.049088541666666666 0.5863425925925926 0.054427083333333334 0.11898148148148148
0 0.036458333333333336 0.4099537037037037 0.0515625 0.1125
0 0.08216145833333334 0.46412037037037035 0.032552083333333336 0.07916666666666666
0 0.1328125 0.47430555555555554 0.058854166666666666 0.11435185185185186
0 0.15091145833333333 0.5567129629629629 0.05755208333333333 0.05787037037037037
0 0.15442708333333333 0.6145833333333334 0.09427083333333333 0.09305555555555556
0 0.191015625 0.6863425925925926 0.10338541666666666 0.09398148148148149
0 0.192578125 0.5122685185185185 0.04244791666666667 0.10138888888888889
0 0.19244791666666666 0.44027777777777777 0.040625 0.08333333333333333
0 0.183984375 0.3814814814814815 0.054427083333333334 0.06944444444444445
0 0.23307291666666666 0.275 0.0234375 0.028703703703703703
0 0.36223958333333334 0.3365740740740741 0.036458333333333336 0.06018518518518518
0 0.33046875 0.31180555555555556 0.04583333333333333 0.06342592592592593
0 0.315625 0.30972222222222223 0.028125 0.06018518518518518
0 0.333203125 0.24837962962962962 0.03671875 0.08564814814814815
0 0.38033854166666664 0.2775462962962963 0.03359375 0.09398148148148149
0 0.387109375 0.28171296296296294 0.055989583333333336 0.10138888888888889
0 0.17578125 0.17777777777777778 0.011979166666666667 0.03888888888888889
0 0.26393229166666665 0.08796296296296297 0.018489583333333334 0.06296296296296296
0 0.27447916666666666 0.17199074074074075 0.028125 0.04398148148148148
0 0.29583333333333334 0.20925925925925926 0.0421875 0.04814814814814815
0 0.125 0.262037037037037 0.128125 0.18055555555555555
0 0.2669270833333333 0.4525462962962963 0.0484375 0.05694444444444444
0 0.31796875 0.4652777777777778 0.09322916666666667 0.07407407407407407
0 0.229296875 0.462037037037037 0.048177083333333336 0.10740740740740741
0 0.4947916666666667 0.24537037037037038 0.04479166666666667 0.04814814814814815
0 0.5255208333333333 0.19444444444444445 0.014583333333333334 0.037037037037037035
0 0.584765625 0.24351851851851852 0.018489583333333334 0.03611111111111111
0 0.6359375 0.12986111111111112 0.023958333333333335 0.08657407407407407
0 0.6930989583333333 0.18333333333333332 0.014322916666666666 0.032407407407407406
0 0.6640625 0.43194444444444446 0.013541666666666667 0.040740740740740744
0 0.6959635416666666 0.47824074074074074 0.027864583333333335 0.04722222222222222
0 0.67578125 0.49953703703703706 0.015104166666666667 0.03425925925925926
0 0.6442708333333333 0.2641203703703704 0.09635416666666667 0.15694444444444444
0 0.5321614583333333 0.42314814814814816 0.11015625 0.08425925925925926
0 0.4940104166666667 0.1326388888888889 0.1734375 0.2587962962962963
0 0.6990885416666667 0.062037037037037036 0.12578125 0.11203703703703703
0 0.7901041666666667 0.05393518518518518 0.020833333333333332 0.04490740740740741
0 0.7595052083333333 0.21064814814814814 0.029427083333333333 0.03425925925925926
0 0.8455729166666667 0.23912037037037037 0.033854166666666664 0.06805555555555555
0 0.8837239583333333 0.0625 0.015885416666666666 0.03518518518518519
0 0.7872395833333333 0.3087962962962963 0.021875 0.03518518518518519
0 0.7619791666666667 0.3590277777777778 0.07552083333333333 0.0837962962962963
0 0.7647135416666667 0.41550925925925924 0.06953125 0.09861111111111111
0 0.826953125 0.4409722222222222 0.10182291666666667 0.07453703703703704
0 0.8018229166666667 0.3875 0.04114583333333333 0.05648148148148148
0 0.890625 0.3974537037037037 0.07083333333333333 0.06157407407407407
0 0.7360677083333333 0.27662037037037035 0.07890625 0.07546296296296297
0 0.8893229166666666 0.3125 0.022395833333333334 0.03796296296296296
0 0.9955729166666667 0.2671296296296296 0.008854166666666666 0.019444444444444445
0 0.8981770833333333 0.48935185185185187 0.033854166666666664 0.04722222222222222
0 0.9467447916666667 0.4895833333333333 0.10651041666666666 0.20787037037037037
0 0.6815104166666667 0.6189814814814815 0.058854166666666666 0.04814814814814815
0 0.45 0.44884259259259257 0.034375 0.0837962962962963
0 0.453125 0.524537037037037 0.026041666666666668 0.09722222222222222
0 0.476171875 0.47662037037037036 0.06796875 0.08472222222222223
0 0.5680989583333333 0.5717592592592593 0.10130208333333333 0.1962962962962963
0 0.6080729166666666 0.5199074074074074 0.0359375 0.04722222222222222
0 0.50859375 0.6685185185185185 0.10104166666666667 0.09166666666666666
0 0.4947916666666667 0.65 0.07291666666666667 0.06111111111111111
0 0.49700520833333334 0.5631944444444444 0.06692708333333333 0.09212962962962963
0 0.42682291666666666 0.6895833333333333 0.03854166666666667 0.11435185185185186
0 0.30169270833333334 0.6518518518518519 0.09505208333333333 0.08148148148148149
0 0.35403645833333336 0.6555555555555556 0.11015625 0.11666666666666667
0 0.30442708333333335 0.5689814814814815 0.09479166666666666 0.10740740740740741
0 0.29192708333333334 0.5212962962962963 0.050520833333333334 0.05555555555555555
0 0.33307291666666666 0.5763888888888888 0.08072916666666667 0.08611111111111111
0 0.3171875 0.49675925925925923 0.046875 0.058333333333333334
0 0.398828125 0.5085648148148149 0.09869791666666666 0.11805555555555555
0 0.41041666666666665 0.5282407407407408 0.096875 0.18796296296296297
0 0.25859375 0.600925925925926 0.07552083333333333 0.10555555555555556
0 0.4234375 0.600925925925926 0.05 0.0962962962962963
0 0.5059895833333333 0.5796296296296296 0.059895833333333336 0.1111111111111111
