0 0.13971354166666666 0.5162037037037037 0.11901041666666666 0.18055555555555555
0 0.30052083333333335 0.41412037037037036 0.14270833333333333 0.11064814814814815
0 0.27838541666666666 0.5131944444444444 0.0875 0.10231481481481482
0 0.31796875 0.5916666666666667 0.084375 0.11944444444444445
0 0.37018229166666666 0.6789351851851851 0.18619791666666666 0.14583333333333334
0 0.4158854166666667 0.5412037037037037 0.20104166666666667 0.2175925925925926
0 0.5251302083333333 0.4668981481481482 0.2518229166666667 0.19305555555555556
0 0.5369791666666667 0.5875 0.05 0.17314814814814813
0 0.40286458333333336 0.675 0.11666666666666667 0.12962962962962962
0 0.8088541666666667 0.4988425925925926 0.14947916666666666 0.11342592592592593
0 0.9036458333333334 0.6460648148148148 0.19166666666666668 0.18101851851851852
0 0.9692708333333333 0.2828703703703704 0.06145833333333333 0.08796296296296297
