0 0.07109375 0.19189814814814815 0.1421875 0.09861111111111111
0 0.19388020833333333 0.022916666666666665 0.05807291666666667 0.04583333333333333
0 0.21809895833333334 0.04652777777777778 0.12630208333333334 0.07268518518518519
0 0.17942708333333332 0.13819444444444445 0.25625 0.19953703703703704
0 0.3626302083333333 0.18703703703703703 0.13880208333333333 0.10092592592592593
0 0.49752604166666664 0.11296296296296296 0.06640625 0.075
0 0.47369791666666666 0.13125 0.08020833333333334 0.10046296296296296
0 0.6033854166666667 0.03148148148148148 0.04739583333333333 0.06296296296296296
0 0.6598958333333333 0.006944444444444444 0.041666666666666664 0.013888888888888888
0 0.7765625 0.13796296296296295 0.034375 0.024074074074074074
0 0.7837239583333333 0.10972222222222222 0.05651041666666667 0.05
0 0.8579427083333333 0.15324074074074073 0.13307291666666668 0.10277777777777777
0 0.7596354166666667 0.21712962962962962 0.0296875 0.023148148148148147
0 0.5619791666666667 0.08888888888888889 0.014583333333333334 0.016666666666666666
0 0.9010416666666666 0.10601851851851851 0.03177083333333333 0.03981481481481482
0 0.9063802083333333 0.05578703703703704 0.04348958333333333 0.0412037037037037
0 0.9958333333333333 0.175 0.008333333333333333 0.07962962962962963
0 0.7401041666666667 0.2814814814814815 0.015625 0.014814814814814815
0 0.38645833333333335 0.31574074074074077 0.014583333333333334 0.03148148148148148
0 0.2630208333333333 0.28703703703703703 0.03333333333333333 0.025925925925925925
0 0.24036458333333333 0.5833333333333334 0.011979166666666667 0.012962962962962963
0 0.24322916666666666 0.5555555555555556 0.008333333333333333 0.014814814814814815
0 0.21927083333333333 0.5486111111111112 0.008333333333333333 0.010185185185185186
0 0.14921875 0.5851851851851851 0.0109375 0.009259259259259259
0 0.1609375 0.562962962962963 0.011458333333333333 0.009259259259259259
0 0.140625 0.5504629629629629 0.00625 0.008333333333333333
0 0.121875 0.5736111111111111 0.010416666666666666 0.010185185185185186
0 0.4356770833333333 0.611574074074074 0.0109375 0.010185185185185186
0 0.4546875 0.6013888888888889 0.010416666666666666 0.012037037037037037
0 0.48125 0.6175925925925926 0.009375 0.009259259259259259
0 0.41848958333333336 0.6236111111111111 0.0067708333333333336 0.013888888888888888
0 0.3921875 0.587037037037037 0.008333333333333333 0.012962962962962963
0 0.3880208333333333 0.5194444444444445 0.010416666666666666 0.011111111111111112
0 0.34322916666666664 0.5412037037037037 0.0125 0.017592592592592594
0 0.34375 0.5143518518518518 0.010416666666666666 0.012037037037037037
0 0.40859375 0.5518518518518518 0.011979166666666667 0.011111111111111112
0 0.4283854166666667 0.5569444444444445 0.0078125 0.013888888888888888
0 0.44088541666666664 0.5768518518518518 0.0067708333333333336 0.011111111111111112
0 0.44583333333333336 0.5921296296296297 0.00625 0.010185185185185186
0 0.51484375 0.6796296296296296 0.0067708333333333336 0.012962962962962963
0 0.54765625 0.6606481481481481 0.005729166666666666 0.013888888888888888
0 0.54453125 0.5800925925925926 0.0078125 0.013888888888888888
0 0.4817708333333333 0.5412037037037037 0.00625 0.012037037037037037
0 0.31744791666666666 0.5578703703703703 0.005729166666666666 0.01574074074074074
0 0.31927083333333334 0.5125 0.008333333333333333 0.010185185185185186
0 0.32526041666666666 0.525 0.0036458333333333334 0.012962962962962963
