0 0.07083333333333333 0.8967592592592593 0.023958333333333335 0.028703703703703703
0 0.25729166666666664 0.9254629629629629 0.01875 0.03148148148148148
0 0.20026041666666666 0.6958333333333333 0.014583333333333334 0.021296296296296296
0 0.333203125 0.7210648148148148 0.016927083333333332 0.01898148148148148
0 0.3763020833333333 0.7217592592592592 0.018229166666666668 0.019444444444444445
0 0.3807291666666667 0.69375 0.013020833333333334 0.01898148148148148
0 0.4412760416666667 0.7363425925925926 0.014322916666666666 0.016203703703703703
0 0.5186197916666667 0.6800925925925926 0.01484375 0.014814814814814815
0 0.5579427083333334 0.6914351851851852 0.019010416666666665 0.016203703703703703
0 0.5893229166666667 0.7965277777777777 0.010416666666666666 0.018055555555555554
0 0.5734375 0.6506944444444445 0.0125 0.014351851851851852
0 0.6466145833333333 0.8009259259259259 0.016145833333333335 0.019444444444444445
0 0.6622395833333333 0.7296296296296296 0.013020833333333334 0.017592592592592594
0 0.6779947916666667 0.7430555555555556 0.009114583333333334 0.018518518518518517
0 0.690625 0.7078703703703704 0.0109375 0.021296296296296296
0 0.6825520833333333 0.6925925925925925 0.011979166666666667 0.022222222222222223
0 0.791796875 0.6907407407407408 0.01484375 0.017592592592592594
0 0.7782552083333333 0.9613425925925926 0.01171875 0.03009259259259259
0 0.924609375 0.9027777777777778 0.01328125 0.03425925925925926
0 0.9893229166666667 0.8391203703703703 0.019791666666666666 0.01990740740740741
0 0.8328125 0.6921296296296297 0.0140625 0.014814814814814815
0 0.05520833333333333 0.29444444444444445 0.025 0.020370370370370372
