0 0.424609375 0.10462962962962963 0.10286458333333333 0.09722222222222222
0 0.298828125 0.2657407407407407 0.12578125 0.16666666666666666
0 0.45234375 0.28055555555555556 0.07135416666666666 0.1037037037037037
0 0.402734375 0.2831018518518518 0.06692708333333333 0.07268518518518519
0 0.62734375 0.36203703703703705 0.025 0.09351851851851851
0 0.52734375 0.26435185185185184 0.0546875 0.06018518518518518
0 0.2506510416666667 0.5358796296296297 0.06536458333333334 0.10601851851851851
0 0.35403645833333336 0.4909722222222222 0.10338541666666666 0.06898148148148148
0 0.30052083333333335 0.5023148148148148 0.03333333333333333 0.07314814814814814
0 0.451953125 0.5259259259259259 0.09140625 0.08333333333333333
0 0.3885416666666667 0.5673611111111111 0.15104166666666666 0.1912037037037037
0 0.5596354166666667 0.6032407407407407 0.09010416666666667 0.18055555555555555
0 0.6895833333333333 0.4134259259259259 0.0703125 0.075
0 0.7333333333333333 0.6016203703703704 0.22916666666666666 0.15416666666666667
0 0.7674479166666667 0.8074074074074075 0.0765625 0.21388888888888888
0 0.9188802083333333 0.9527777777777777 0.024739583333333332 0.05
0 0.08815104166666667 0.7388888888888889 0.17630208333333333 0.14629629629629629
0 0.09010416666666667 0.6125 0.07083333333333333 0.11296296296296296
0 0.8375 0.1925925925925926 0.2421875 0.22407407407407406
0 0.8200520833333333 0.09791666666666667 0.11666666666666667 0.11064814814814815
0 0.8302083333333333 0.09490740740740741 0.33645833333333336 0.18425925925925926
0 0.7256510416666667 0.03680555555555556 0.08203125 0.06805555555555555
0 0.8014322916666666 0.02476851851851852 0.06692708333333333 0.04861111111111111
0 0.9833333333333333 0.4740740740740741 0.03229166666666667 0.0962962962962963
0 0.29401041666666666 0.24166666666666667 0.10052083333333334 0.1425925925925926
0 0.6994791666666667 0.5041666666666667 0.16875 0.17685185185185184
