0 0.07513020833333334 0.4997685185185185 0.09244791666666667 0.1375
0 0.3497395833333333 0.20902777777777778 0.12083333333333333 0.11805555555555555
0 0.36953125 0.6261574074074074 0.10104166666666667 0.0763888888888889
0 0.2752604166666667 0.6226851851851852 0.058333333333333334 0.09259259259259259
0 0.29830729166666664 0.4664351851851852 0.11901041666666666 0.06342592592592593
0 0.441796875 0.42476851851851855 0.07734375 0.12083333333333333
0 0.49973958333333335 0.34837962962962965 0.07083333333333333 0.11157407407407408
0 0.6157552083333333 0.25833333333333336 0.055989583333333336 0.07962962962962963
0 0.6118489583333333 0.34282407407407406 0.06015625 0.12453703703703704
0 0.5040364583333333 0.46111111111111114 0.04765625 0.07222222222222222
0 0.5606770833333333 0.4513888888888889 0.05677083333333333 0.11018518518518519
0 0.660546875 0.44189814814814815 0.11640625 0.08657407407407407
0 0.7608072916666667 0.4335648148148148 0.07421875 0.12546296296296297
0 0.8986979166666667 0.4351851851851852 0.13541666666666666 0.11296296296296296
0 0.9069010416666666 0.38287037037037036 0.06848958333333334 0.053703703703703705
0 0.8740885416666667 0.7206018518518519 0.12942708333333333 0.10694444444444444
0 0.8182291666666667 0.5523148148148148 0.05520833333333333 0.05092592592592592
0 0.7544270833333333 0.5849537037037037 0.0609375 0.09212962962962963
0 0.803515625 0.6081018518518518 0.08828125 0.09212962962962963
0 0.6947916666666667 0.5914351851851852 0.06302083333333333 0.08287037037037037
0 0.6359375 0.5319444444444444 0.07395833333333333 0.12222222222222222
0 0.6154947916666667 0.60625 0.08723958333333333 0.08472222222222223
0 0.6658854166666667 0.5222222222222223 0.090625 0.08888888888888889
0 0.5299479166666666 0.6578703703703703 0.10208333333333333 0.12407407407407407
0 0.5729166666666666 0.6363425925925926 0.09895833333333333 0.11990740740740741
0 0.5212239583333333 0.5502314814814815 0.08463541666666667 0.10787037037037037
0 0.5610677083333333 0.5351851851851852 0.07578125 0.08148148148148149
0 0.9807291666666667 0.4703703703703704 0.03854166666666667 0.044444444444444446
0 0.9533854166666667 0.4356481481481482 0.028645833333333332 0.05277777777777778
0 0.07421875 0.2050925925925926 0.009895833333333333 0.032407407407407406
0 0.16197916666666667 0.6212962962962963 0.096875 0.06851851851851852
0 0.0546875 0.6365740740740741 0.07395833333333333 0.06388888888888888
0 0.26145833333333335 0.5587962962962963 0.057291666666666664 0.05277777777777778
0 0.3268229166666667 0.5194444444444445 0.1015625 0.06296296296296296
