0 0.275 0.2310185185185185 0.052083333333333336 0.05462962962962963
0 0.283203125 0.30092592592592593 0.017447916666666667 0.022222222222222223
0 0.13828125 0.3060185185185185 0.016145833333333335 0.01574074074074074
0 0.18515625 0.4356481481481482 0.034375 0.021296296296296296
0 0.18411458333333333 0.4097222222222222 0.009895833333333333 0.013888888888888888
0 0.48216145833333335 0.44513888888888886 0.022135416666666668 0.018055555555555554
0 0.65703125 0.42060185185185184 0.035416666666666666 0.02175925925925926
0 0.415234375 0.4789351851851852 0.029427083333333333 0.027314814814814816
0 0.253125 0.49166666666666664 0.029166666666666667 0.022222222222222223
0 0.009505208333333333 0.29560185185185184 0.018489583333333334 0.02361111111111111
0 0.03671875 0.2712962962962963 0.015625 0.021296296296296296
0 0.08098958333333334 0.2708333333333333 0.013541666666666667 0.022222222222222223
0 0.08372395833333333 0.2023148148148148 0.06171875 0.0787037037037037
0 0.163671875 0.5648148148148148 0.12213541666666666 0.07407407407407407
0 0.4518229166666667 0.6402777777777777 0.1 0.09074074074074075
0 0.12890625 0.9402777777777778 0.024479166666666666 0.023148148148148147
0 0.37734375 0.9634259259259259 0.15989583333333332 0.07314814814814814
0 0.684375 0.7680555555555556 0.035416666666666666 0.05277777777777778
0 0.04088541666666667 0.5907407407407408 0.058854166666666666 0.03148148148148148
0 0.25546875 0.5273148148148148 0.049479166666666664 0.0712962962962963
0 0.41067708333333336 0.5518518518518518 0.0859375 0.046296296296296294
0 0.1984375 0.3421296296296296 0.0125 0.012037037037037037
0 0.25234375 0.30833333333333335 0.009895833333333333 0.020370370370370372
