0 0.6231770833333333 0.6196759259259259 0.0359375 0.07824074074074074
0 0.569921875 0.5979166666666667 0.10286458333333333 0.08935185185185185
0 0.544140625 0.6351851851851852 0.15130208333333334 0.16296296296296298
0 0.546484375 0.4668981481481482 0.11848958333333333 0.08009259259259259
0 0.5020833333333333 0.41574074074074074 0.13854166666666667 0.08888888888888889
0 0.6356770833333333 0.35625 0.23333333333333334 0.18194444444444444
0 0.46653645833333335 0.3335648148148148 0.08567708333333333 0.07175925925925926
0 0.4061197916666667 0.4340277777777778 0.04765625 0.04583333333333333
0 0.27434895833333334 0.5967592592592592 0.11901041666666666 0.09074074074074075
0 0.17903645833333334 0.6296296296296297 0.06432291666666666 0.10277777777777777
0 0.22278645833333333 0.17800925925925926 0.19713541666666667 0.1699074074074074
0 0.8403645833333333 0.18472222222222223 0.11510416666666666 0.17685185185185184
0 0.9565104166666667 0.2659722222222222 0.0859375 0.1125
0 0.898046875 0.5335648148148148 0.14713541666666666 0.18009259259259258
0 0.93671875 0.43680555555555556 0.06041666666666667 0.10787037037037037
0 0.817578125 0.46921296296296294 0.05286458333333333 0.07453703703703704
0 0.712109375 0.5763888888888888 0.04401041666666667 0.05
0 0.7278645833333334 0.5270833333333333 0.078125 0.06620370370370371
0 0.378125 0.5560185185185185 0.036458333333333336 0.032407407407407406
0 0.2994791666666667 0.4810185185185185 0.07916666666666666 0.05740740740740741
0 0.3578125 0.39837962962962964 0.05416666666666667 0.047685185185185185
0 0.4765625 0.5074074074074074 0.046875 0.05555555555555555
0 0.17565104166666667 0.37199074074074073 0.03307291666666667 0.052314814814814814
0 0.59765625 0.43194444444444446 0.0359375 0.026851851851851852
0 0.5986979166666667 0.4111111111111111 0.0453125 0.037037037037037035
0 0.0171875 0.40879629629629627 0.034375 0.049074074074074076
