0 0.013802083333333333 0.32083333333333336 0.027604166666666666 0.028703703703703703
0 0.06822916666666666 0.37777777777777777 0.009375 0.025925925925925925
0 0.06197916666666667 0.40324074074074073 0.007291666666666667 0.017592592592592594
0 0.08255208333333333 0.39375 0.0109375 0.03009259259259259
0 0.11158854166666667 0.3712962962962963 0.012239583333333333 0.025
0 0.13684895833333333 0.39444444444444443 0.011197916666666667 0.021296296296296296
0 0.17578125 0.3398148148148148 0.030729166666666665 0.03425925925925926
0 0.03046875 0.42083333333333334 0.0296875 0.019444444444444445
0 0.04140625 0.4134259259259259 0.0140625 0.017592592592592594
0 0.00859375 0.4583333333333333 0.0171875 0.018518518518518517
0 0.030729166666666665 0.4375 0.0125 0.010185185185185186
0 0.03229166666666667 0.4583333333333333 0.015625 0.024074074074074074
0 0.036458333333333336 0.47824074074074074 0.014583333333333334 0.019444444444444445
0 0.06744791666666666 0.4828703703703704 0.009895833333333333 0.026851851851851852
0 0.07291666666666667 0.5212962962962963 0.010416666666666666 0.012962962962962963
0 0.06354166666666666 0.5476851851851852 0.017708333333333333 0.019444444444444445
0 0.116015625 0.5310185185185186 0.016927083333333332 0.02962962962962963
0 0.14440104166666667 0.4842592592592593 0.00859375 0.025
0 0.18255208333333334 0.44837962962962963 0.030729166666666665 0.02638888888888889
0 0.18255208333333334 0.4740740740740741 0.015104166666666667 0.009259259259259259
0 0.17747395833333332 0.5337962962962963 0.02265625 0.020370370370370372
0 0.18958333333333333 0.48333333333333334 0.025 0.024074074074074074
0 0.17942708333333332 0.45555555555555555 0.015104166666666667 0.016666666666666666
0 0.25677083333333334 0.3347222222222222 0.0125 0.017592592592592594
0 0.23515625 0.41944444444444445 0.0109375 0.020370370370370372
0 0.359375 0.3212962962962963 0.0234375 0.021296296296296296
0 0.4329427083333333 0.2386574074074074 0.009635416666666667 0.02175925925925926
0 0.23294270833333333 0.5481481481481482 0.020052083333333335 0.030555555555555555
0 0.5845052083333333 0.7965277777777777 0.21223958333333334 0.25787037037037036
0 0.6201822916666667 0.669212962962963 0.03046875 0.03657407407407407
0 0.6630208333333333 0.6736111111111112 0.04791666666666667 0.032407407407407406
0 0.554296875 0.6453703703703704 0.07265625 0.06851851851851852
0 0.58359375 0.6407407407407407 0.021354166666666667 0.022222222222222223
0 0.7225260416666667 0.705324074074074 0.02421875 0.031018518518518518
0 0.8200520833333333 0.7425925925925926 0.027083333333333334 0.028703703703703703
0 0.7486979166666666 0.8018518518518518 0.03802083333333333 0.04351851851851852
0 0.7579427083333333 0.8759259259259259 0.026302083333333334 0.053703703703703705
0 0.238671875 0.5958333333333333 0.05286458333333333 0.06296296296296296
0 0.20546875 0.5671296296296297 0.008854166666666666 0.025
0 0.20234375 0.6032407407407407 0.016145833333333335 0.028703703703703703
0 0.21145833333333333 0.6210648148148148 0.014583333333333334 0.022685185185185187
0 0.225 0.6166666666666667 0.023958333333333335 0.027777777777777776
0 0.09544270833333333 0.6375 0.032552083333333336 0.04351851851851852
0 0.08255208333333333 0.6041666666666666 0.040625 0.041666666666666664
0 0.027864583333333335 0.5578703703703703 0.05572916666666667 0.03796296296296296
0 0.045572916666666664 0.6083333333333333 0.0296875 0.044444444444444446
0 0.10989583333333333 0.5722222222222222 0.017708333333333333 0.027777777777777776
0 0.88828125 0.8071759259259259 0.03958333333333333 0.11342592592592593
0 0.9856770833333334 0.937962962962963 0.028645833333333332 0.09074074074074075
0 0.96875 0.6435185185185185 0.01875 0.03518518518518519
0 0.9817708333333334 0.7046296296296296 0.017708333333333333 0.027777777777777776
0 0.2171875 0.5902777777777778 0.042708333333333334 0.062037037037037036
0 0.1171875 0.5916666666666667 0.04479166666666667 0.07592592592592592
