0 0.24153645833333334 0.8201388888888889 0.13619791666666667 0.2050925925925926
0 0.06979166666666667 0.8405092592592592 0.13958333333333334 0.20972222222222223
0 0.5540364583333334 0.9284722222222223 0.06744791666666666 0.13287037037037036
0 0.7869791666666667 0.9418981481481481 0.1546875 0.1162037037037037
0 0.6427083333333333 0.8842592592592593 0.14427083333333332 0.15
0 0.569921875 0.7175925925925926 0.13723958333333333 0.19907407407407407
0 0.7015625 0.5393518518518519 0.15625 0.24259259259259258
0 0.8171875 0.5740740740740741 0.146875 0.12407407407407407
0 0.690234375 0.7620370370370371 0.3419270833333333 0.24351851851851852
0 0.9063802083333333 0.8145833333333333 0.17473958333333334 0.14953703703703702
0 0.935546875 0.6231481481481481 0.12838541666666667 0.1
0 0.9072916666666667 0.4914351851851852 0.1171875 0.059722222222222225
0 0.697265625 0.44814814814814813 0.06171875 0.058333333333333334
0 0.438671875 0.5289351851851852 0.10442708333333334 0.0625
0 0.273828125 0.5560185185185185 0.06328125 0.06851851851851852
0 0.24544270833333334 0.47662037037037036 0.28515625 0.21712962962962962
