0 0.022135416666666668 0.49537037037037035 0.0140625 0.012962962962962963
0 0.2375 0.6111111111111112 0.04375 0.08703703703703704
0 0.20885416666666667 0.5648148148148148 0.026041666666666668 0.05
0 0.24348958333333334 0.5481481481481482 0.0640625 0.06759259259259259
0 0.19830729166666666 0.5069444444444444 0.06380208333333333 0.058333333333333334
0 0.16276041666666666 0.44074074074074077 0.0359375 0.040740740740740744
0 0.274609375 0.49166666666666664 0.04244791666666667 0.04722222222222222
0 0.27291666666666664 0.42824074074074076 0.07604166666666666 0.11481481481481481
0 0.41848958333333336 0.56875 0.08541666666666667 0.08842592592592592
0 0.4368489583333333 0.4775462962962963 0.13984375 0.1476851851851852
0 0.48515625 0.31342592592592594 0.10729166666666666 0.1925925925925926
0 0.4923177083333333 0.6122685185185185 0.06015625 0.11712962962962963
0 0.5700520833333333 0.6145833333333334 0.08020833333333334 0.06620370370370371
0 0.5774739583333334 0.6986111111111111 0.15442708333333333 0.1287037037037037
0 0.6369791666666667 0.6222222222222222 0.09375 0.18333333333333332
0 0.66796875 0.6127314814814815 0.09322916666666667 0.15046296296296297
0 0.6635416666666667 0.49236111111111114 0.19375 0.16620370370370371
0 0.6975260416666667 0.8340277777777778 0.08619791666666667 0.16805555555555557
0 0.6196614583333333 0.4224537037037037 0.09505208333333333 0.12083333333333333
0 0.6954427083333333 0.3837962962962963 0.03046875 0.06851851851851852
0 0.8048177083333333 0.5006944444444444 0.10390625 0.09675925925925925
0 0.7915364583333333 0.6275462962962963 0.18046875 0.1625
0 0.8696614583333333 0.6041666666666666 0.09088541666666666 0.13148148148148148
0 0.8424479166666666 0.674537037037037 0.10989583333333333 0.13055555555555556
0 0.71953125 0.2886574074074074 0.078125 0.06712962962962964
0 0.903515625 0.2520833333333333 0.11692708333333333 0.08101851851851852
0 0.4100260416666667 0.10833333333333334 0.06796875 0.0824074074074074
0 0.6666666666666666 0.41944444444444445 0.03125 0.03333333333333333
0 0.73125 0.5990740740740741 0.027083333333333334 0.044444444444444446
