0 0.23307291666666666 0.7803240740740741 0.3614583333333333 0.4393518518518518
0 0.3048177083333333 0.5203703703703704 0.09244791666666667 0.09259259259259259
0 0.25703125 0.39375 0.121875 0.1050925925925926
0 0.41848958333333336 0.41180555555555554 0.09270833333333334 0.2263888888888889
0 0.48658854166666665 0.6847222222222222 0.09713541666666667 0.3138888888888889
0 0.6311197916666667 0.33125 0.21171875 0.43657407407407406
0 0.80625 0.5192129629629629 0.1984375 0.4152777777777778
0 0.9328125 0.5534722222222223 0.0890625 0.22546296296296298
0 0.89453125 0.29583333333333334 0.2109375 0.2462962962962963
0 0.8994791666666667 0.19768518518518519 0.08854166666666667 0.12407407407407407
0 0.80234375 0.040740740740740744 0.18229166666666666 0.08148148148148149
0 0.159375 0.20787037037037037 0.053125 0.04351851851851852
0 0.47994791666666664 0.4824074074074074 0.016145833333333335 0.020370370370370372
0 0.7283854166666667 0.624537037037037 0.0984375 0.1527777777777778
0 0.35625 0.3912037037037037 0.013541666666666667 0.010185185185185186
0 0.4822916666666667 0.2449074074074074 0.009375 0.025
0 0.42604166666666665 0.26435185185185184 0.009375 0.012037037037037037
