0 0.01171875 0.06365740740740741 0.0234375 0.0375
0 0.156640625 0.0849537037037037 0.007552083333333333 0.013425925925925926
0 0.112890625 0.18032407407407408 0.014322916666666666 0.018055555555555554
0 0.185546875 0.17800925925925926 0.06067708333333333 0.07546296296296297
0 0.25481770833333334 0.2011574074074074 0.01484375 0.01712962962962963
0 0.268359375 0.16064814814814815 0.01953125 0.020370370370370372
0 0.2674479166666667 0.20833333333333334 0.005729166666666666 0.007407407407407408
0 0.31015625 0.20879629629629629 0.0067708333333333336 0.010185185185185186
0 0.33502604166666666 0.225 0.01796875 0.017592592592592594
0 0.40911458333333334 0.21203703703703702 0.040625 0.028703703703703703
0 0.3873697916666667 0.12824074074074074 0.015885416666666666 0.032407407407407406
0 0.48932291666666666 0.15856481481481483 0.007291666666666667 0.014351851851851852
0 0.46145833333333336 0.18611111111111112 0.004166666666666667 0.009259259259259259
0 0.6311197916666667 0.19745370370370371 0.012760416666666666 0.015277777777777777
0 0.624609375 0.2849537037037037 0.03828125 0.04675925925925926
0 0.5880208333333333 0.30069444444444443 0.026041666666666668 0.034722222222222224
0 0.8114583333333333 0.19467592592592592 0.021875 0.015277777777777777
0 0.7677083333333333 0.14027777777777778 0.020833333333333332 0.012037037037037037
0 0.9520833333333333 0.26689814814814816 0.09583333333333334 0.055092592592592596
0 0.8623697916666667 0.38287037037037036 0.04088541666666667 0.025925925925925925
0 0.9075520833333334 0.3680555555555556 0.027604166666666666 0.028703703703703703
0 0.11536458333333334 0.25555555555555554 0.0109375 0.009259259259259259
0 0.0020833333333333333 0.24768518518518517 0.004166666666666667 0.01574074074074074
0 0.7385416666666667 0.3784722222222222 0.04635416666666667 0.031018518518518518
0 0.6796875 0.37824074074074077 0.03333333333333333 0.03611111111111111
0 0.9498697916666666 0.5425925925925926 0.08984375 0.04814814814814815
0 0.7588541666666667 0.7173611111111111 0.08072916666666667 0.04490740740740741
0 0.6815104166666667 0.5115740740740741 0.196875 0.12314814814814815
0 0.6537760416666667 0.6243055555555556 0.09661458333333334 0.0763888888888889
0 0.7436197916666667 0.5909722222222222 0.05703125 0.04490740740740741
0 0.5760416666666667 0.649537037037037 0.0546875 0.05555555555555555
0 0.58984375 0.7324074074074074 0.0796875 0.08518518518518518
0 0.6938802083333333 0.6375 0.18463541666666666 0.12777777777777777
0 0.18763020833333333 0.6798611111111111 0.04348958333333333 0.02638888888888889
0 0.33893229166666666 0.7074074074074074 0.05703125 0.04259259259259259
0 0.295703125 0.5483796296296296 0.03515625 0.047685185185185185
0 0.384765625 0.6851851851851852 0.04973958333333333 0.07222222222222222
0 0.39557291666666666 0.6504629629629629 0.0265625 0.04351851851851852
0 0.4479166666666667 0.663425925925926 0.03333333333333333 0.041666666666666664
0 0.41796875 0.6851851851851852 0.021354166666666667 0.03333333333333333
0 0.5052083333333334 0.587037037037037 0.03333333333333333 0.044444444444444446
0 0.416015625 0.6016203703703704 0.07005208333333333 0.07175925925925926
0 0.42916666666666664 0.5745370370370371 0.06354166666666666 0.05092592592592592
0 0.4764322916666667 0.6057870370370371 0.09401041666666667 0.08194444444444444
0 0.5065104166666666 0.5060185185185185 0.030729166666666665 0.05648148148148148
0 0.5389322916666667 0.5261574074074075 0.06692708333333333 0.07083333333333333
0 0.4356770833333333 0.4777777777777778 0.0390625 0.044444444444444446
0 0.48684895833333336 0.37453703703703706 0.06796875 0.06944444444444445
0 0.5572916666666666 0.44305555555555554 0.01875 0.03425925925925926
0 0.5049479166666667 0.43425925925925923 0.03697916666666667 0.046296296296296294
0 0.43046875 0.3803240740740741 0.0453125 0.031018518518518518
0 0.44609375 0.3050925925925926 0.0359375 0.049074074074074076
0 0.3430989583333333 0.5344907407407408 0.03463541666666667 0.03287037037037037
0 0.403125 0.47453703703703703 0.025 0.028703703703703703
0 0.37838541666666664 0.39652777777777776 0.0265625 0.024537037037037038
0 0.2864583333333333 0.3224537037037037 0.06041666666666667 0.04675925925925926
0 0.10729166666666666 0.43449074074074073 0.036458333333333336 0.027314814814814816
0 0.21484375 0.5208333333333334 0.03802083333333333 0.037037037037037035
0 0.20703125 0.46944444444444444 0.04739583333333333 0.025925925925925925
0 0.3053385416666667 0.7229166666666667 0.03567708333333333 0.024537037037037038
0 0.8486979166666667 0.5740740740740741 0.0296875 0.06666666666666667
0 0.8403645833333333 0.5101851851851852 0.015625 0.041666666666666664
0 0.7846354166666667 0.44537037037037036 0.05364583333333333 0.05185185185185185
0 0.03177083333333333 0.5217592592592593 0.06354166666666666 0.06018518518518518
0 0.00859375 0.4703703703703704 0.0171875 0.024074074074074074
0 0.37057291666666664 0.6226851851851852 0.044270833333333336 0.04722222222222222
