0 0.09283854166666666 0.45925925925925926 0.18515625 0.17592592592592593
0 0.33697916666666666 0.5171296296296296 0.28072916666666664 0.1962962962962963
0 0.27044270833333334 0.6226851851851852 0.21536458333333333 0.09444444444444444
0 0.45950520833333336 0.6851851851851852 0.09140625 0.24166666666666667
0 0.425390625 0.6708333333333333 0.17473958333333334 0.15
0 0.5294270833333333 0.6474537037037037 0.05416666666666667 0.24675925925925926
0 0.5700520833333333 0.544212962962963 0.1265625 0.44305555555555554
0 0.680859375 0.6391203703703704 0.12473958333333333 0.18194444444444444
0 0.7442708333333333 0.8076388888888889 0.2609375 0.19953703703703704
0 0.35625 0.30162037037037037 0.22708333333333333 0.15601851851851853
0 0.47708333333333336 0.3912037037037037 0.028125 0.03611111111111111
