0 0.4627604166666667 0.2712962962962963 0.1671875 0.1175925925925926
0 0.5212239583333333 0.17037037037037037 0.15442708333333333 0.05555555555555555
0 0.623046875 0.04490740740740741 0.11171875 0.07962962962962963
0 0.9751302083333333 0.06597222222222222 0.04973958333333333 0.06342592592592593
0 0.9407552083333334 0.15324074074074073 0.11744791666666667 0.06018518518518518
0 0.7927083333333333 0.22893518518518519 0.0765625 0.052314814814814814
0 0.88203125 0.2324074074074074 0.050520833333333334 0.05
0 0.3028645833333333 0.040046296296296295 0.07083333333333333 0.07731481481481481
0 0.05065104166666667 0.3108796296296296 0.09973958333333334 0.060648148148148145
0 0.18385416666666668 0.3085648148148148 0.1546875 0.11064814814814815
0 0.14140625 0.021296296296296296 0.04114583333333333 0.04259259259259259
0 0.6578125 0.13333333333333333 0.05 0.07407407407407407
0 0.734375 0.16273148148148148 0.08125 0.0412037037037037
0 0.6212239583333333 0.11180555555555556 0.03723958333333333 0.04861111111111111
0 0.874609375 0.30810185185185185 0.07838541666666667 0.05324074074074074
0 0.838671875 0.28217592592592594 0.06536458333333334 0.0375
0 0.6725260416666666 0.2224537037037037 0.04765625 0.034722222222222224
0 0.4200520833333333 0.4013888888888889 0.10989583333333333 0.06759259259259259
0 0.5619791666666667 0.22962962962962963 0.08645833333333333 0.022222222222222223
0 0.6908854166666667 0.17777777777777778 0.07447916666666667 0.05185185185185185
0 0.6203125 0.22268518518518518 0.052083333333333336 0.032407407407407406
0 0.9419270833333333 0.33611111111111114 0.0390625 0.025925925925925925
0 0.6661458333333333 0.24305555555555555 0.046875 0.03425925925925926
0 0.7341145833333333 0.24953703703703703 0.058854166666666666 0.028703703703703703
0 0.36692708333333335 0.24583333333333332 0.03697916666666667 0.04351851851851852
0 0.32109375 0.2388888888888889 0.0484375 0.025925925925925925
0 0.7546875 0.2962962962962963 0.09270833333333334 0.046296296296296294
0 0.7552083333333334 0.3523148148148148 0.057291666666666664 0.032407407407407406
