0 0.05260416666666667 0.5645833333333333 0.0109375 0.018055555555555554
0 0.03567708333333333 0.5993055555555555 0.008854166666666666 0.013425925925925926
0 0.05859375 0.6159722222222223 0.009895833333333333 0.016203703703703703
0 0.08880208333333334 0.6356481481481482 0.009895833333333333 0.013888888888888888
0 0.11276041666666667 0.6224537037037037 0.0109375 0.011574074074074073
0 0.12877604166666667 0.5708333333333333 0.00859375 0.012962962962962963
0 0.130859375 0.5493055555555556 0.012760416666666666 0.014351851851851852
0 0.13776041666666666 0.5960648148148148 0.011458333333333333 0.016203703703703703
0 0.12604166666666666 0.6425925925925926 0.019791666666666666 0.020370370370370372
0 0.15364583333333334 0.6340277777777777 0.008333333333333333 0.016203703703703703
0 0.17109375 0.5712962962962963 0.008333333333333333 0.014814814814814815
0 0.18528645833333332 0.5777777777777777 0.009635416666666667 0.013888888888888888
0 0.01484375 0.7296296296296296 0.016145833333333335 0.018518518518518517
0 0.038411458333333336 0.6898148148148148 0.01015625 0.016666666666666666
0 0.108203125 0.6953703703703704 0.01171875 0.012962962962962963
0 0.12278645833333333 0.7041666666666667 0.01171875 0.018518518518518517
0 0.08736979166666667 0.656712962962963 0.012239583333333333 0.014351851851851852
0 0.11979166666666667 0.7615740740740741 0.013541666666666667 0.019444444444444445
0 0.13098958333333333 0.7914351851851852 0.011458333333333333 0.022685185185185187
0 0.19375 0.6789351851851851 0.015104166666666667 0.018055555555555554
0 0.198046875 0.6662037037037037 0.01171875 0.01574074074074074
0 0.15989583333333332 0.6756944444444445 0.0109375 0.02175925925925926
0 0.21197916666666666 0.6972222222222222 0.009895833333333333 0.026851851851851852
0 0.20924479166666668 0.7148148148148148 0.010677083333333334 0.018518518518518517
0 0.2140625 0.7555555555555555 0.0140625 0.017592592592592594
0 0.23359375 0.8363425925925926 0.015625 0.01898148148148148
0 0.29986979166666666 0.8388888888888889 0.017447916666666667 0.016666666666666666
0 0.28424479166666666 0.7800925925925926 0.01484375 0.017592592592592594
0 0.24505208333333334 0.7092592592592593 0.008333333333333333 0.016666666666666666
0 0.24505208333333334 0.6861111111111111 0.011979166666666667 0.014814814814814815
0 0.23580729166666667 0.6469907407407407 0.012239583333333333 0.018055555555555554
0 0.241796875 0.6155092592592593 0.014322916666666666 0.01712962962962963
0 0.211328125 0.6196759259259259 0.014322916666666666 0.01990740740740741
0 0.32473958333333336 0.7125 0.015104166666666667 0.01574074074074074
0 0.341796875 0.7483796296296297 0.011197916666666667 0.02175925925925926
0 0.35442708333333334 0.7833333333333333 0.005729166666666666 0.016666666666666666
0 0.3692708333333333 0.8069444444444445 0.010416666666666666 0.021296296296296296
0 0.403125 0.7273148148148149 0.01875 0.032407407407407406
0 0.36666666666666664 0.6594907407407408 0.008854166666666666 0.014351851851851852
0 0.3671875 0.6398148148148148 0.011458333333333333 0.016666666666666666
0 0.3515625 0.6134259259259259 0.009375 0.017592592592592594
0 0.315625 0.6620370370370371 0.0125 0.014814814814814815
0 0.5141927083333333 0.7266203703703704 0.017447916666666667 0.01712962962962963
0 0.5602864583333333 0.6483796296296296 0.012760416666666666 0.01898148148148148
0 0.37005208333333334 0.5046296296296297 0.009895833333333333 0.013888888888888888
0 0.391796875 0.5305555555555556 0.01484375 0.014814814814814815
0 0.401953125 0.5171296296296296 0.009114583333333334 0.022222222222222223
0 0.426953125 0.48310185185185184 0.010677083333333334 0.010648148148148148
0 0.425390625 0.4928240740740741 0.009635416666666667 0.008796296296296297
0 0.4180989583333333 0.4162037037037037 0.01328125 0.01574074074074074
0 0.46484375 0.4863425925925926 0.0109375 0.0125
0 0.47213541666666664 0.49953703703703706 0.009895833333333333 0.01574074074074074
0 0.37473958333333335 0.3854166666666667 0.007291666666666667 0.008796296296296297
0 0.5204427083333333 0.4203703703703704 0.01796875 0.024074074074074074
0 0.5119791666666667 0.47453703703703703 0.008333333333333333 0.013888888888888888
0 0.4923177083333333 0.44560185185185186 0.006510416666666667 0.016203703703703703
0 0.433984375 0.4409722222222222 0.012760416666666666 0.015277777777777777
0 0.5673177083333333 0.5222222222222223 0.01171875 0.012037037037037037
0 0.6333333333333333 0.5652777777777778 0.011458333333333333 0.009259259259259259
0 0.6501302083333333 0.5090277777777777 0.012239583333333333 0.011574074074074073
0 0.6411458333333333 0.5400462962962963 0.0078125 0.010648148148148148
0 0.6337239583333333 0.5162037037037037 0.005989583333333334 0.011111111111111112
0 0.6826822916666667 0.47199074074074077 0.00859375 0.018055555555555554
0 0.6983072916666667 0.5988425925925925 0.012239583333333333 0.015277777777777777
0 0.70078125 0.5569444444444445 0.007291666666666667 0.012037037037037037
0 0.728125 0.5574074074074075 0.007291666666666667 0.012962962962962963
0 0.7236979166666667 0.5893518518518519 0.0067708333333333336 0.012037037037037037
0 0.714453125 0.6513888888888889 0.006510416666666667 0.016666666666666666
0 0.7576822916666667 0.6261574074074074 0.007552083333333333 0.010648148148148148
0 0.76875 0.5939814814814814 0.00625 0.012037037037037037
0 0.75859375 0.6092592592592593 0.005729166666666666 0.014814814814814815
0 0.8229166666666666 0.5847222222222223 0.0078125 0.01574074074074074
0 0.856640625 0.5854166666666667 0.00859375 0.015277777777777777
0 0.830859375 0.5564814814814815 0.00703125 0.01574074074074074
0 0.7932291666666667 0.5516203703703704 0.00625 0.011574074074074073
0 0.9014322916666667 0.6689814814814815 0.013802083333333333 0.010185185185185186
0 0.787109375 0.6599537037037037 0.008072916666666667 0.013425925925925926
0 0.884765625 0.6587962962962963 0.009114583333333334 0.018518518518518517
0 0.9231770833333334 0.6564814814814814 0.011458333333333333 0.016666666666666666
0 0.92421875 0.607175925925926 0.009895833333333333 0.011574074074074073
0 0.9395833333333333 0.6155092592592593 0.00625 0.009722222222222222
0 0.936328125 0.5416666666666666 0.00703125 0.011111111111111112
0 0.94609375 0.5224537037037037 0.0078125 0.011574074074074073
0 0.9048177083333333 0.6358796296296296 0.005989583333333334 0.010648148148148148
0 0.9151041666666667 0.6048611111111111 0.00625 0.010648148148148148
0 0.8610677083333333 0.5988425925925925 0.00703125 0.009722222222222222
0 0.7395833333333334 0.6333333333333333 0.0046875 0.012962962962962963
0 0.5450520833333333 0.3101851851851852 0.024479166666666666 0.053703703703703705
0 0.8216145833333334 0.425 0.028645833333333332 0.040740740740740744
0 0.8255208333333334 0.38842592592592595 0.022916666666666665 0.04351851851851852
0 0.9216145833333333 0.3490740740740741 0.0203125 0.03888888888888889
0 0.875 0.4634259259259259 0.017708333333333333 0.03981481481481482
0 0.8165364583333333 0.4576388888888889 0.0049479166666666664 0.014351851851851852
0 0.735546875 0.5523148148148148 0.006510416666666667 0.012037037037037037
0 0.11171875 0.7685185185185185 0.008854166666666666 0.012962962962962963
0 0.06588541666666667 0.30277777777777776 0.009895833333333333 0.018518518518518517
0 0.07708333333333334 0.36342592592592593 0.026041666666666668 0.032407407407407406
0 0.026041666666666668 0.3282407407407407 0.016666666666666666 0.021296296296296296
0 0.022135416666666668 0.30416666666666664 0.019270833333333334 0.025
0 0.08958333333333333 0.22824074074074074 0.015625 0.019444444444444445
0 0.22291666666666668 0.2361111111111111 0.007291666666666667 0.022222222222222223
0 0.3684895833333333 0.6189814814814815 0.0140625 0.017592592592592594
0 0.5776041666666667 0.5078703703703704 0.00625 0.013888888888888888
0 0.7223958333333333 0.6111111111111112 0.005208333333333333 0.011111111111111112
0 0.7380208333333333 0.6138888888888889 0.004166666666666667 0.011111111111111112
0 0.8096354166666667 0.5814814814814815 0.005729166666666666 0.011111111111111112
0 0.8177083333333334 0.6597222222222222 0.008333333333333333 0.01574074074074074
0 0.7997395833333333 0.6162037037037037 0.0036458333333333334 0.010185185185185186
0 0.7927083333333333 0.6106481481481482 0.004166666666666667 0.008333333333333333
0 0.8197916666666667 0.3824074074074074 0.007291666666666667 0.012962962962962963
0 0.8286458333333333 0.41944444444444445 0.015625 0.011111111111111112
0 0.871875 0.4583333333333333 0.008333333333333333 0.016666666666666666
0 0.91875 0.3449074074074074 0.005208333333333333 0.012037037037037037
0 0.9760416666666667 0.4300925925925926 0.004166666666666667 0.012037037037037037
0 0.5395833333333333 0.3087962962962963 0.008333333333333333 0.019444444444444445
