0 0.326953125 0.5995370370370371 0.06432291666666666 0.11388888888888889
0 0.61953125 0.6715277777777777 0.05364583333333333 0.13564814814814816
0 0.6502604166666667 0.6037037037037037 0.0546875 0.12407407407407407
0 0.7171875 0.5995370370370371 0.04791666666666667 0.12222222222222222
0 0.5123697916666666 0.15439814814814815 0.16901041666666666 0.14212962962962963
0 0.348828125 0.2740740740740741 0.09609375 0.24814814814814815
0 0.5985677083333333 0.5081018518518519 0.15911458333333334 0.4060185185185185
0 0.5209635416666667 0.4726851851851852 0.08098958333333334 0.49537037037037035
0 0.4485677083333333 0.44722222222222224 0.11744791666666667 0.5046296296296297
0 0.42213541666666665 0.5259259259259259 0.07447916666666667 0.3537037037037037
