0 0.9653645833333333 0.0349537037037037 0.06927083333333334 0.0699074074074074
0 0.57890625 0.05324074074074074 0.1390625 0.10648148148148148
0 0.355859375 0.04236111111111111 0.06484375 0.08472222222222223
0 0.47486979166666665 0.08773148148148148 0.06015625 0.08101851851851852
0 0.4295572916666667 0.2520833333333333 0.062239583333333334 0.06805555555555555
0 0.5592447916666666 0.16527777777777777 0.08880208333333334 0.07962962962962963
0 0.32864583333333336 0.34120370370370373 0.06510416666666667 0.07592592592592592
0 0.346484375 0.48310185185185184 0.06953125 0.0837962962962963
0 0.51875 0.3298611111111111 0.0609375 0.10787037037037037
0 0.6204427083333334 0.2877314814814815 0.05390625 0.060648148148148145
0 0.5743489583333333 0.3993055555555556 0.08567708333333333 0.09953703703703703
0 0.7041666666666667 0.18541666666666667 0.07083333333333333 0.06620370370370371
0 0.05065104166666667 0.36921296296296297 0.10130208333333333 0.1486111111111111
0 0.025130208333333334 0.4162037037037037 0.05026041666666667 0.11388888888888889
0 0.34765625 0.569212962962963 0.3182291666666667 0.2912037037037037
0 0.55 0.5543981481481481 0.13802083333333334 0.1162037037037037
0 0.6782552083333333 0.5368055555555555 0.11432291666666666 0.09861111111111111
0 0.5815104166666667 0.6476851851851851 0.16510416666666666 0.19537037037037036
0 0.8783854166666667 0.5564814814814815 0.17552083333333332 0.1425925925925926
0 0.7388020833333333 0.5268518518518519 0.11510416666666666 0.4222222222222222
0 0.8772135416666667 0.7282407407407407 0.24453125 0.2675925925925926
