0 0.30052083333333335 0.5118055555555555 0.20260416666666667 0.14583333333333334
0 0.23463541666666668 0.6439814814814815 0.140625 0.12129629629629629
0 0.19986979166666666 0.30092592592592593 0.34453125 0.22037037037037038
0 0.17630208333333333 0.9046296296296297 0.09114583333333333 0.19074074074074074
0 0.6690104166666667 0.3712962962962963 0.0484375 0.08148148148148149
0 0.7880208333333333 0.3819444444444444 0.052083333333333336 0.06018518518518518
0 0.8802083333333334 0.4041666666666667 0.041666666666666664 0.04722222222222222
0 0.8940104166666667 0.37175925925925923 0.034895833333333334 0.05092592592592592
0 0.278125 0.4134259259259259 0.115625 0.06944444444444445
0 0.3515625 0.38657407407407407 0.07083333333333333 0.2361111111111111
0 0.09453125 0.3287037037037037 0.1890625 0.2462962962962963
