0 0.4694010416666667 0.48171296296296295 0.16276041666666666 0.12175925925925926
0 0.3841145833333333 0.5678240740740741 0.053125 0.09675925925925925
0 0.403515625 0.38101851851851853 0.14401041666666667 0.13240740740740742
0 0.47734375 0.35509259259259257 0.024479166666666666 0.04537037037037037
0 0.5053385416666667 0.39537037037037037 0.05546875 0.07314814814814814
0 0.5583333333333333 0.41574074074074074 0.0390625 0.0712962962962963
0 0.5766927083333333 0.34074074074074073 0.08151041666666667 0.12407407407407407
0 0.605859375 0.4041666666666667 0.04505208333333333 0.05185185185185185
0 0.571875 0.412962962962963 0.021875 0.046296296296296294
0 0.66328125 0.368287037037037 0.10572916666666667 0.09768518518518518
0 0.5912760416666667 0.21643518518518517 0.03203125 0.03009259259259259
0 0.2677083333333333 0.2967592592592593 0.05625 0.09166666666666666
0 0.4251302083333333 0.7245370370370371 0.15026041666666667 0.1574074074074074
0 0.5799479166666667 0.6194444444444445 0.14947916666666666 0.27314814814814814
0 0.6658854166666667 0.6023148148148149 0.1171875 0.25092592592592594
0 0.7377604166666667 0.5877314814814815 0.1375 0.18287037037037038
0 0.6852864583333333 0.48125 0.07369791666666667 0.08101851851851852
0 0.6401041666666667 0.45694444444444443 0.059375 0.07407407407407407
0 0.6958333333333333 0.4875 0.06770833333333333 0.07685185185185185
0 0.794140625 0.580787037037037 0.08828125 0.19675925925925927
0 0.8157552083333334 0.6754629629629629 0.08880208333333334 0.20833333333333334
0 0.912890625 0.6298611111111111 0.17005208333333333 0.22824074074074074
0 0.8696614583333333 0.49953703703703706 0.07734375 0.0824074074074074
0 0.7958333333333333 0.35439814814814813 0.09739583333333333 0.1375
0 0.7716145833333333 0.3509259259259259 0.1109375 0.1425925925925926
0 0.9123697916666667 0.3627314814814815 0.08255208333333333 0.09768518518518518
0 0.948046875 0.4152777777777778 0.07213541666666666 0.05925925925925926
0 0.9611979166666667 0.46111111111111114 0.0390625 0.0712962962962963
0 0.8837239583333333 0.25925925925925924 0.04869791666666667 0.053703703703703705
0 0.7645833333333333 0.4666666666666667 0.034375 0.02962962962962963
0 0.19609375 0.4337962962962963 0.0734375 0.07685185185185185
0 0.2515625 0.4083333333333333 0.0375 0.06666666666666667
0 0.3421875 0.4115740740740741 0.04375 0.07314814814814814
0 0.30859375 0.4212962962962963 0.030729166666666665 0.06111111111111111
0 0.32447916666666665 0.3472222222222222 0.017708333333333333 0.08148148148148149
0 0.5296875 0.4356481481481482 0.03125 0.058333333333333334
0 0.6963541666666667 0.399537037037037 0.08541666666666667 0.10462962962962963
0 0.8692708333333333 0.3449074074074074 0.040625 0.058333333333333334
0 0.8848958333333333 0.45092592592592595 0.03854166666666667 0.027777777777777776
0 0.9158854166666667 0.31851851851851853 0.018229166666666668 0.046296296296296294
0 0.8375 0.33287037037037037 0.015625 0.04537037037037037
