0 0.8552083333333333 0.8854166666666666 0.28958333333333336 0.22916666666666666
0 0.4192708333333333 0.8981481481481481 0.134375 0.2037037037037037
0 0.39479166666666665 0.7196759259259259 0.23802083333333332 0.3458333333333333
0 0.5731770833333333 0.6442129629629629 0.19791666666666666 0.6023148148148149
0 0.39947916666666666 0.5201388888888889 0.0234375 0.055092592592592596
0 0.42942708333333335 0.4773148148148148 0.05260416666666667 0.07222222222222222
0 0.196484375 0.649537037037037 0.13776041666666666 0.1037037037037037
0 0.12747395833333333 0.6972222222222222 0.16692708333333334 0.09166666666666666
0 0.08125 0.7101851851851851 0.14427083333333332 0.13425925925925927
0 0.08984375 0.8766203703703703 0.1796875 0.24583333333333332
0 0.0234375 0.7037037037037037 0.046875 0.1
0 0.023958333333333335 0.45046296296296295 0.04791666666666667 0.09537037037037037
0 0.29466145833333335 0.055092592592592596 0.30234375 0.11018518518518519
0 0.4205729166666667 0.12939814814814815 0.32760416666666664 0.2587962962962963
0 0.8384114583333333 0.1175925925925926 0.32317708333333334 0.23425925925925925
0 0.4940104166666667 0.5888888888888889 0.07552083333333333 0.2074074074074074
0 0.8958333333333334 0.8578703703703704 0.11770833333333333 0.18425925925925926
