0 0.134375 0.20069444444444445 0.0234375 0.01712962962962963
0 0.10559895833333334 0.24814814814814815 0.027864583333333335 0.026851851851851852
0 0.08411458333333334 0.41712962962962963 0.03697916666666667 0.022222222222222223
0 0.19231770833333334 0.3766203703703704 0.02734375 0.018055555555555554
0 0.204296875 0.4199074074074074 0.03203125 0.018518518518518517
0 0.31393229166666664 0.3747685185185185 0.013802083333333333 0.02824074074074074
0 0.410546875 0.36226851851851855 0.029427083333333333 0.01712962962962963
0 0.48046875 0.12129629629629629 0.12135416666666667 0.09259259259259259
0 0.6291666666666667 0.10462962962962963 0.01875 0.014814814814814815
0 0.5971354166666667 0.05324074074074074 0.005729166666666666 0.013888888888888888
0 0.5940104166666667 0.017592592592592594 0.0078125 0.024074074074074074
0 0.60234375 0.1699074074074074 0.0171875 0.01574074074074074
0 0.5875 0.8979166666666667 0.1703125 0.20416666666666666
0 0.9389322916666667 0.8034722222222223 0.12161458333333333 0.1550925925925926
0 0.9822916666666667 0.5546296296296296 0.035416666666666666 0.06296296296296296
0 0.9888020833333333 0.26435185185185184 0.022395833333333334 0.023148148148148147
0 0.5880208333333333 0.3712962962962963 0.026041666666666668 0.01574074074074074
0 0.6044270833333333 0.21944444444444444 0.0171875 0.020370370370370372
0 0.6575520833333334 0.21712962962962962 0.022395833333333334 0.017592592592592594
0 0.6627604166666666 0.1574074074074074 0.011979166666666667 0.02962962962962963
0 0.3497395833333333 0.6967592592592593 0.09479166666666666 0.16018518518518518
0 0.42552083333333335 0.5564814814814815 0.12864583333333332 0.11574074074074074
0 0.5395833333333333 0.6865740740740741 0.21770833333333334 0.1537037037037037
0 0.58671875 0.5483796296296296 0.1421875 0.12453703703703704
0 0.6884114583333333 0.6243055555555556 0.039322916666666666 0.12824074074074074
0 0.7200520833333334 0.5745370370370371 0.11302083333333333 0.24351851851851852
0 0.7932291666666667 0.03148148148148148 0.06770833333333333 0.06296296296296296
