0 0.2955729166666667 0.2800925925925926 0.0515625 0.04351851851851852
0 0.186328125 0.4476851851851852 0.17369791666666667 0.09907407407407408
0 0.5524739583333333 0.3189814814814815 0.07057291666666667 0.0712962962962963
0 0.25833333333333336 0.5814814814814815 0.103125 0.11018518518518519
0 0.40481770833333336 0.6469907407407407 0.10755208333333334 0.10694444444444444
0 0.79921875 0.4532407407407407 0.0859375 0.06944444444444445
0 0.8567708333333334 0.6050925925925926 0.09322916666666667 0.09907407407407408
0 0.7489583333333333 0.5222222222222223 0.09375 0.10277777777777777
0 0.9040364583333333 0.80625 0.19140625 0.2523148148148148
0 0.5873697916666667 0.6013888888888889 0.13932291666666666 0.12037037037037036
0 0.65859375 0.48912037037037037 0.109375 0.11342592592592593
0 0.6001302083333333 0.4777777777777778 0.08776041666666666 0.14537037037037037
0 0.7065104166666667 0.5944444444444444 0.084375 0.1037037037037037
0 0.211328125 0.8189814814814815 0.23776041666666667 0.21944444444444444
0 0.46953125 0.9805555555555555 0.0578125 0.03888888888888889
0 0.6604166666666667 0.5763888888888888 0.035416666666666666 0.06018518518518518
0 0.5744791666666667 0.513425925925926 0.0625 0.06574074074074074
