0 0.311328125 0.09560185185185185 0.11588541666666667 0.16064814814814815
0 0.337109375 0.31666666666666665 0.06067708333333333 0.14166666666666666
0 0.43216145833333336 0.5967592592592592 0.04348958333333333 0.21296296296296297
0 0.5717447916666667 0.6041666666666666 0.08098958333333334 0.22037037037037038
0 0.5354166666666667 0.5997685185185185 0.1546875 0.2337962962962963
0 0.5875 0.4965277777777778 0.20729166666666668 0.3199074074074074
0 0.671875 0.5615740740740741 0.03333333333333333 0.06574074074074074
0 0.6837239583333333 0.38587962962962963 0.18619791666666666 0.4726851851851852
0 0.68046875 0.40046296296296297 0.18697916666666667 0.5175925925925926
0 0.39166666666666666 0.4425925925925926 0.020833333333333332 0.016666666666666666
0 0.37994791666666666 0.4671296296296296 0.019270833333333334 0.026851851851851852
0 0.2669270833333333 0.4671296296296296 0.0171875 0.025
0 0.6294270833333333 0.3365740740740741 0.0578125 0.058333333333333334
0 0.6377604166666667 0.2898148148148148 0.059895833333333336 0.07222222222222222
0 0.6356770833333333 0.37083333333333335 0.034895833333333334 0.0712962962962963
