0 0.0953125 0.45185185185185184 0.14739583333333334 0.10648148148148148
0 0.141796875 0.6231481481481481 0.06953125 0.20092592592592592
0 0.6834635416666667 0.37754629629629627 0.17526041666666667 0.16712962962962963
0 0.7834635416666667 0.3439814814814815 0.08776041666666666 0.12407407407407407
0 0.5821614583333333 0.6168981481481481 0.40390625 0.37453703703703706
0 0.43854166666666666 0.5618055555555556 0.17708333333333334 0.16342592592592592
0 0.5252604166666667 0.8648148148148148 0.3307291666666667 0.26481481481481484
0 0.7829427083333333 0.7150462962962963 0.21223958333333334 0.1597222222222222
0 0.798828125 0.8166666666666667 0.29973958333333334 0.3611111111111111
0 0.79140625 0.49722222222222223 0.10677083333333333 0.11481481481481481
0 0.8944010416666667 0.6333333333333333 0.21119791666666668 0.2935185185185185
0 0.857421875 0.24930555555555556 0.28515625 0.48935185185185187
0 0.6135416666666667 0.4615740740740741 0.017708333333333333 0.026851851851851852
0 0.6578125 0.7194444444444444 0.271875 0.24259259259259258
