0 0.78203125 0.027777777777777776 0.06614583333333333 0.05555555555555555
0 0.6829427083333334 0.046064814814814815 0.07578125 0.08935185185185185
0 0.72734375 0.09050925925925926 0.05677083333333333 0.07453703703703704
0 0.859375 0.10138888888888889 0.034375 0.12037037037037036
0 0.8627604166666667 0.15555555555555556 0.0390625 0.10185185185185185
0 0.9233072916666667 0.13495370370370371 0.055989583333333336 0.0625
0 0.9434895833333333 0.14629629629629629 0.028645833333333332 0.05740740740740741
0 0.9424479166666667 0.1925925925925926 0.11302083333333333 0.07962962962962963
0 0.9298177083333333 0.2523148148148148 0.07057291666666667 0.1037037037037037
0 0.8404947916666666 0.2488425925925926 0.09817708333333333 0.1162037037037037
0 0.9424479166666667 0.34050925925925923 0.1140625 0.10231481481481482
0 0.9231770833333334 0.4023148148148148 0.06302083333333333 0.062037037037037036
0 0.965234375 0.42407407407407405 0.06953125 0.12314814814814815
0 0.80390625 0.7400462962962963 0.2203125 0.274537037037037
0 0.8936197916666667 0.5699074074074074 0.19192708333333333 0.1824074074074074
0 0.79453125 0.5171296296296296 0.1046875 0.11944444444444445
0 0.5317708333333333 0.18101851851851852 0.06822916666666666 0.10277777777777777
0 0.50546875 0.20833333333333334 0.0296875 0.08703703703703704
0 0.552734375 0.24375 0.05234375 0.0587962962962963
0 0.3743489583333333 0.08796296296296297 0.13828125 0.1425925925925926
0 0.2877604166666667 0.08819444444444445 0.0421875 0.06712962962962964
0 0.32838541666666665 0.12777777777777777 0.03802083333333333 0.06296296296296296
0 0.3670572916666667 0.25578703703703703 0.08828125 0.12731481481481483
0 0.08802083333333334 0.03449074074074074 0.06614583333333333 0.06805555555555555
0 0.03828125 0.1701388888888889 0.07395833333333333 0.10138888888888889
0 0.1 0.25625 0.09114583333333333 0.13842592592592592
0 0.18203125 0.17962962962962964 0.042708333333333334 0.08425925925925926
0 0.19908854166666667 0.29189814814814813 0.10859375 0.18101851851851852
0 0.06666666666666667 0.10740740740740741 0.07135416666666666 0.11203703703703703
0 0.08020833333333334 0.10092592592592593 0.06770833333333333 0.08148148148148149
0 0.122265625 0.17083333333333334 0.08359375 0.12777777777777777
0 0.169921875 0.42083333333333334 0.17317708333333334 0.11574074074074074
0 0.30299479166666665 0.412962962962963 0.08515625 0.08888888888888889
0 0.359765625 0.5314814814814814 0.08671875 0.08796296296296297
0 0.4015625 0.4703703703703704 0.13072916666666667 0.08796296296296297
0 0.36875 0.39675925925925926 0.09895833333333333 0.13055555555555556
0 0.47955729166666666 0.40046296296296297 0.06901041666666667 0.08055555555555556
0 0.672265625 0.22546296296296298 0.15234375 0.13055555555555556
0 0.6924479166666667 0.2851851851851852 0.06510416666666667 0.05
0 0.7563802083333333 0.2763888888888889 0.08307291666666666 0.0787037037037037
0 0.28684895833333335 0.68125 0.06536458333333334 0.21064814814814814
0 0.3548177083333333 0.6840277777777778 0.12421875 0.13935185185185187
0 0.4061197916666667 0.6025462962962963 0.05651041666666667 0.10416666666666667
0 0.45221354166666666 0.6655092592592593 0.10598958333333333 0.13472222222222222
0 0.5540364583333334 0.6129629629629629 0.11380208333333333 0.2175925925925926
0 0.648046875 0.6136574074074074 0.10963541666666667 0.25046296296296294
0 0.6787760416666667 0.6451388888888889 0.09453125 0.17175925925925925
0 0.7151041666666667 0.5476851851851852 0.04479166666666667 0.1361111111111111
0 0.5484375 0.3800925925925926 0.22708333333333333 0.32314814814814813
0 0.6893229166666667 0.3770833333333333 0.11302083333333333 0.12546296296296297
0 0.756640625 0.4516203703703704 0.17109375 0.21342592592592594
0 0.7307291666666667 0.40555555555555556 0.1625 0.2111111111111111
0 0.953125 0.6715277777777777 0.09375 0.2412037037037037
0 0.78515625 0.3439814814814815 0.059895833333333336 0.07314814814814814
0 0.8971354166666666 0.7333333333333333 0.0796875 0.12777777777777777
0 0.7627604166666667 0.6 0.09114583333333333 0.12222222222222222
0 0.5799479166666667 0.6481481481481481 0.07239583333333334 0.17962962962962964
