0 0.778125 0.18541666666666667 0.1078125 0.1375
0 0.8305989583333333 0.32199074074074074 0.20286458333333332 0.1412037037037037
0 0.5966145833333333 0.4618055555555556 0.14583333333333334 0.11157407407407408
0 0.75390625 0.6092592592592593 0.3572916666666667 0.2037037037037037
0 0.464453125 0.5752314814814815 0.18567708333333333 0.17175925925925925
0 0.20533854166666668 0.5386574074074074 0.13515625 0.1125
0 0.40533854166666666 0.8414351851851852 0.18880208333333334 0.17731481481481481
0 0.69609375 0.7861111111111111 0.3260416666666667 0.20555555555555555
0 0.8134114583333333 0.9425925925925925 0.32109375 0.11481481481481481
0 0.9145833333333333 0.687962962962963 0.17083333333333334 0.18703703703703703
0 0.9869791666666666 0.3101851851851852 0.026041666666666668 0.17407407407407408
