0 0.12786458333333334 0.7222222222222222 0.2557291666666667 0.42962962962962964
0 0.41302083333333334 0.7291666666666666 0.20833333333333334 0.39537037037037037
0 0.3223958333333333 0.49745370370370373 0.14635416666666667 0.274537037037037
0 0.15703125 0.45949074074074076 0.090625 0.13472222222222222
0 0.22018229166666667 0.4636574074074074 0.06588541666666667 0.1449074074074074
0 0.19713541666666667 0.3263888888888889 0.0984375 0.09074074074074075
0 0.14049479166666667 0.30787037037037035 0.04296875 0.14629629629629629
0 0.2532552083333333 0.21689814814814815 0.07994791666666666 0.06157407407407407
0 0.3067708333333333 0.07546296296296297 0.15989583333333332 0.11296296296296296
0 0.32265625 0.014814814814814815 0.14583333333333334 0.028703703703703703
0 0.3859375 0.1648148148148148 0.08854166666666667 0.05555555555555555
0 0.48854166666666665 0.35532407407407407 0.16041666666666668 0.3226851851851852
0 0.4412760416666667 0.274537037037037 0.22994791666666667 0.3175925925925926
0 0.553125 0.5740740740740741 0.12395833333333334 0.27870370370370373
0 0.37447916666666664 0.29583333333333334 0.2791666666666667 0.3453703703703704
0 0.6272135416666667 0.1087962962962963 0.06015625 0.08703703703703704
0 0.7205729166666667 0.9291666666666667 0.11979166666666667 0.14166666666666666
0 0.8194010416666667 0.7168981481481481 0.3106770833333333 0.2652777777777778
0 0.9442708333333333 0.5513888888888889 0.11145833333333334 0.2175925925925926
0 0.9848958333333333 0.2986111111111111 0.030208333333333334 0.08796296296296297
0 0.7248697916666667 0.4775462962962963 0.19192708333333333 0.2162037037037037
0 0.7104166666666667 0.4564814814814815 0.19427083333333334 0.1824074074074074
0 0.9259114583333333 0.0650462962962963 0.14661458333333333 0.11435185185185186
0 0.7822916666666667 0.16064814814814815 0.07395833333333333 0.06759259259259259
0 0.7989583333333333 0.2675925925925926 0.052083333333333336 0.05555555555555555
0 0.9393229166666667 0.3907407407407407 0.12135416666666667 0.25555555555555554
0 0.8361979166666667 0.29259259259259257 0.04739583333333333 0.05185185185185185
0 0.05182291666666667 0.5402777777777777 0.1015625 0.06574074074074074
