0 0.3631510416666667 0.39490740740740743 0.12578125 0.24259259259259258
0 0.17630208333333333 0.337037037037037 0.2890625 0.23703703703703705
0 0.21419270833333334 0.5212962962962963 0.25859375 0.36666666666666664
0 0.3984375 0.5988425925925925 0.09739583333333333 0.26157407407407407
0 0.4895833333333333 0.6375 0.13645833333333332 0.35648148148148145
0 0.50703125 0.8076388888888889 0.14791666666666667 0.26435185185185184
0 0.7299479166666667 0.8108796296296297 0.22552083333333334 0.2967592592592593
0 0.49947916666666664 0.9493055555555555 0.1 0.10138888888888889
0 0.14075520833333333 0.7421296296296296 0.28151041666666665 0.45185185185185184
0 0.6947916666666667 0.9472222222222222 0.13958333333333334 0.10555555555555556
0 0.6981770833333333 0.9175925925925926 0.1609375 0.14629629629629629
0 0.6973958333333333 0.7171296296296297 0.15208333333333332 0.14907407407407408
0 0.55 0.7523148148148148 0.06145833333333333 0.14537037037037037
0 0.28125 0.9643518518518519 0.07916666666666666 0.0712962962962963
0 0.35052083333333334 0.8083333333333333 0.09270833333333334 0.17777777777777778
0 0.3580729166666667 0.6680555555555555 0.06510416666666667 0.11388888888888889
0 0.33203125 0.47824074074074074 0.058854166666666666 0.11574074074074074
0 0.27239583333333334 0.5074074074074074 0.14583333333333334 0.22592592592592592
0 0.3854166666666667 0.8541666666666666 0.1375 0.2916666666666667
