0 0.4005208333333333 0.36018518518518516 0.022916666666666665 0.05
0 0.346875 0.3736111111111111 0.041666666666666664 0.041666666666666664
0 0.059895833333333336 0.04814814814814815 0.11979166666666667 0.09444444444444444
0 0.48046875 0.5597222222222222 0.09947916666666666 0.06388888888888888
0 0.70390625 0.6263888888888889 0.1296875 0.09537037037037037
0 0.38255208333333335 0.6351851851851852 0.1296875 0.08518518518518518
0 0.35052083333333334 0.6777777777777778 0.15520833333333334 0.09814814814814815
0 0.20859375 0.6898148148148148 0.18177083333333333 0.12777777777777777
0 0.9895833333333334 0.6939814814814815 0.020833333333333332 0.07314814814814814
0 0.4192708333333333 0.7347222222222223 0.23854166666666668 0.15462962962962962
0 0.09296875 0.8069444444444445 0.1859375 0.14537037037037037
0 0.31223958333333335 0.8796296296296297 0.3359375 0.19444444444444445
