0 0.10651041666666666 0.3912037037037037 0.21302083333333333 0.2972222222222222
0 0.34153645833333335 0.2884259259259259 0.28203125 0.2675925925925926
0 0.412890625 0.16203703703703703 0.08932291666666667 0.1398148148148148
0 0.5532552083333333 0.14953703703703702 0.18255208333333334 0.16944444444444445
0 0.51015625 0.3266203703703704 0.21145833333333333 0.39675925925925926
0 0.20169270833333333 0.44004629629629627 0.23151041666666666 0.2810185185185185
0 0.3873697916666667 0.5143518518518518 0.29296875 0.30648148148148147
0 0.3653645833333333 0.6752314814814815 0.28072916666666664 0.26064814814814813
0 0.23697916666666666 0.6805555555555556 0.31145833333333334 0.26296296296296295
0 0.6365885416666667 0.5506944444444445 0.22057291666666667 0.2569444444444444
0 0.8506510416666667 0.5532407407407407 0.2986979166666667 0.3768518518518518
0 0.009635416666666667 0.1648148148148148 0.019270833333333334 0.10555555555555556
0 0.01875 0.6828703703703703 0.0375 0.11388888888888889
0 0.56171875 0.4777777777777778 0.18177083333333333 0.18703703703703703
