0 0.061197916666666664 0.6481481481481481 0.0765625 0.1425925925925926
0 0.16380208333333332 0.33310185185185187 0.09322916666666667 0.19027777777777777
0 0.363671875 0.3527777777777778 0.04505208333333333 0.07222222222222222
0 0.41549479166666664 0.4412037037037037 0.05182291666666667 0.11296296296296296
0 0.48125 0.617824074074074 0.06927083333333334 0.12453703703703704
0 0.45403645833333334 0.7245370370370371 0.18255208333333334 0.1425925925925926
0 0.45625 0.8569444444444444 0.21302083333333333 0.15185185185185185
0 0.6697916666666667 0.45694444444444443 0.1265625 0.09444444444444444
0 0.647265625 0.5474537037037037 0.04973958333333333 0.034722222222222224
0 0.7819010416666666 0.5145833333333333 0.09296875 0.06712962962962964
0 0.348046875 0.8402777777777778 0.07265625 0.3194444444444444
0 0.8833333333333333 0.9055555555555556 0.10416666666666667 0.1824074074074074
0 0.72578125 0.6189814814814815 0.13645833333333332 0.1425925925925926
0 0.79140625 0.7439814814814815 0.3140625 0.23425925925925925
0 0.9326822916666667 0.6986111111111111 0.13463541666666667 0.18425925925925926
0 0.5924479166666666 0.9074074074074074 0.0796875 0.1814814814814815
0 0.8408854166666667 0.8231481481481482 0.06927083333333334 0.09074074074074075
0 0.9075520833333334 0.6402777777777777 0.16614583333333333 0.14166666666666666
