0 0.787109375 0.5523148148148148 0.16901041666666666 0.18333333333333332
0 0.24231770833333333 0.3854166666666667 0.09921875 0.09953703703703703
0 0.39427083333333335 0.32939814814814816 0.06197916666666667 0.0587962962962963
0 0.575390625 0.1076388888888889 0.09453125 0.08194444444444444
0 0.024869791666666665 0.033796296296296297 0.04973958333333333 0.06759259259259259
0 0.10872395833333333 0.2273148148148148 0.08723958333333333 0.09537037037037037
0 0.015494791666666667 0.5171296296296296 0.030989583333333334 0.044444444444444446
0 0.11315104166666666 0.55625 0.12265625 0.10138888888888889
0 0.20377604166666666 0.5261574074074075 0.11744791666666667 0.08194444444444444
0 0.210546875 0.47638888888888886 0.15963541666666667 0.09166666666666666
0 0.24114583333333334 0.6553240740740741 0.16666666666666666 0.1087962962962963
0 0.40572916666666664 0.6409722222222223 0.171875 0.21805555555555556
0 0.45026041666666666 0.7050925925925926 0.04895833333333333 0.12129629629629629
0 0.43502604166666664 0.48564814814814816 0.09192708333333334 0.23703703703703705
0 0.497265625 0.48564814814814816 0.09453125 0.2611111111111111
0 0.56171875 0.3365740740740741 0.0421875 0.15
0 0.60390625 0.45532407407407405 0.2171875 0.4828703703703704
0 0.033463541666666666 0.7583333333333333 0.06692708333333333 0.06574074074074074
0 0.5786458333333333 0.3194444444444444 0.035416666666666666 0.12407407407407407
0 0.8651041666666667 0.4310185185185185 0.035416666666666666 0.07685185185185185
0 0.7427083333333333 0.4060185185185185 0.06041666666666667 0.0712962962962963
0 0.3296875 0.5893518518518519 0.125 0.11574074074074074
0 0.23385416666666667 0.5953703703703703 0.09791666666666667 0.1
