0 0.8752604166666667 0.17037037037037037 0.24947916666666667 0.34074074074074073
0 0.9588541666666667 0.3854166666666667 0.08229166666666667 0.13564814814814816
0 0.8194010416666667 0.2724537037037037 0.17942708333333332 0.13194444444444445
0 0.9794270833333333 0.6627314814814815 0.04114583333333333 0.11435185185185186
0 0.9319010416666667 0.5381944444444444 0.08880208333333334 0.06620370370370371
0 0.7330729166666666 0.7166666666666667 0.23125 0.14166666666666666
0 0.8529947916666667 0.6256944444444444 0.14348958333333334 0.1300925925925926
0 0.4109375 0.8467592592592592 0.16666666666666666 0.30277777777777776
0 0.45286458333333335 0.6326388888888889 0.17135416666666667 0.21064814814814814
0 0.3375 0.5791666666666667 0.07552083333333333 0.14444444444444443
0 0.318359375 0.5030092592592592 0.14244791666666667 0.16898148148148148
0 0.4903645833333333 0.4858796296296296 0.2640625 0.3263888888888889
0 0.324609375 0.2912037037037037 0.03723958333333333 0.2212962962962963
0 0.5260416666666666 0.27199074074074076 0.059895833333333336 0.06342592592592593
0 0.5375 0.18611111111111112 0.09947916666666666 0.1824074074074074
0 0.06536458333333334 0.4025462962962963 0.1296875 0.1375
0 0.06380208333333333 0.22152777777777777 0.04895833333333333 0.10787037037037037
0 0.129296875 0.05578703703703704 0.02890625 0.10046296296296296
0 0.20611979166666666 0.03726851851851852 0.061197916666666664 0.07361111111111111
0 0.15078125 0.05324074074074074 0.016145833333333335 0.05277777777777778
0 0.6369791666666667 0.2898148148148148 0.21354166666666666 0.35555555555555557
0 0.8161458333333333 0.5208333333333334 0.14739583333333334 0.15
0 0.8802083333333334 0.4263888888888889 0.11354166666666667 0.12129629629629629
0 0.7022135416666667 0.612037037037037 0.18098958333333334 0.1527777777777778
0 0.7787760416666667 0.42916666666666664 0.09088541666666666 0.11018518518518519
0 0.7856770833333333 0.3763888888888889 0.0015625 0.006481481481481481
0 0.6901041666666666 0.5289351851851852 0.15625 0.24027777777777778
0 0.66953125 0.45231481481481484 0.15208333333333332 0.2
0 0.16822916666666668 0.034722222222222224 0.04791666666666667 0.06944444444444445
0 0.3125 0.45740740740740743 0.07708333333333334 0.08703703703703704
0 0.5151041666666667 0.01574074074074074 0.041666666666666664 0.03148148148148148
0 0.5770833333333333 0.025925925925925925 0.034375 0.05185185185185185
0 0.7828125 0.6212962962962963 0.12708333333333333 0.08148148148148149
