0 0.042317708333333336 0.5104166666666666 0.08463541666666667 0.07824074074074074
0 0.3436197916666667 0.6020833333333333 0.06484375 0.08842592592592592
0 0.40078125 0.5958333333333333 0.05677083333333333 0.06574074074074074
0 0.466796875 0.5798611111111112 0.08046875 0.12731481481481483
0 0.5897135416666667 0.7212962962962963 0.18151041666666667 0.12685185185185185
0 0.68203125 0.5166666666666667 0.25885416666666666 0.17962962962962964
0 0.3587239583333333 0.2886574074074074 0.11953125 0.10046296296296296
0 0.5916666666666667 0.35810185185185184 0.3578125 0.37453703703703706
0 0.9740885416666667 0.5668981481481481 0.05182291666666667 0.07453703703703704
0 0.9864583333333333 0.6606481481481481 0.027083333333333334 0.08425925925925926
0 0.28020833333333334 0.7375 0.21666666666666667 0.15648148148148147
