0 0.24140625 0.5615740740740741 0.12083333333333333 0.1425925925925926
0 0.5295572916666667 0.7219907407407408 0.23463541666666668 0.1486111111111111
0 0.4200520833333333 0.4027777777777778 0.23958333333333334 0.4083333333333333
0 0.5516927083333333 0.3590277777777778 0.13828125 0.1300925925925926
0 0.5451822916666667 0.5608796296296297 0.24765625 0.1736111111111111
0 0.47552083333333334 0.5513888888888889 0.21666666666666667 0.22314814814814815
0 0.778125 0.41597222222222224 0.24583333333333332 0.2439814814814815
0 0.88125 0.2722222222222222 0.2375 0.175
0 0.7779947916666666 0.7377314814814815 0.36328125 0.28564814814814815
0 0.025130208333333334 0.33935185185185185 0.05026041666666667 0.175
0 0.14322916666666666 0.19583333333333333 0.036458333333333336 0.04537037037037037
0 0.9565104166666667 0.6027777777777777 0.08697916666666666 0.14814814814814814
