0 0.5510416666666667 0.39791666666666664 0.041666666666666664 0.04027777777777778
0 0.521484375 0.2902777777777778 0.013802083333333333 0.018518518518518517
0 0.5407552083333333 0.30625 0.012760416666666666 0.018055555555555554
0 0.5604166666666667 0.3229166666666667 0.013020833333333334 0.01898148148148148
0 0.5829427083333333 0.3162037037037037 0.014322916666666666 0.019444444444444445
0 0.5755208333333334 0.3284722222222222 0.009895833333333333 0.015277777777777777
0 0.5286458333333334 0.3314814814814815 0.013541666666666667 0.016666666666666666
0 0.47434895833333335 0.35625 0.06432291666666666 0.047685185185185185
0 0.5916666666666667 0.3590277777777778 0.016145833333333335 0.015277777777777777
0 0.6216145833333333 0.3138888888888889 0.018229166666666668 0.025925925925925925
0 0.6104166666666667 0.3053240740740741 0.011979166666666667 0.02175925925925926
0 0.6638020833333333 0.30069444444444443 0.019791666666666666 0.02361111111111111
0 0.6313802083333333 0.34097222222222223 0.02578125 0.029166666666666667
0 0.6263020833333334 0.3675925925925926 0.027604166666666666 0.03518518518518519
0 0.6014322916666667 0.3511574074074074 0.01015625 0.01712962962962963
0 0.6276041666666666 0.39675925925925926 0.011458333333333333 0.019444444444444445
0 0.6424479166666667 0.40023148148148147 0.013541666666666667 0.02175925925925926
0 0.655078125 0.3770833333333333 0.00859375 0.015277777777777777
0 0.6552083333333333 0.36064814814814816 0.011458333333333333 0.013888888888888888
0 0.6565104166666667 0.33935185185185185 0.019270833333333334 0.021296296296296296
0 0.6828125 0.33449074074074076 0.021875 0.02638888888888889
0 0.7049479166666667 0.325 0.015104166666666667 0.018518518518518517
0 0.7040364583333333 0.34305555555555556 0.016927083333333332 0.018518518518518517
0 0.6845052083333333 0.3675925925925926 0.016927083333333332 0.025
0 0.7069010416666667 0.3851851851851852 0.01640625 0.017592592592592594
0 0.724609375 0.3837962962962963 0.012239583333333333 0.017592592592592594
0 0.7384114583333333 0.39375 0.009635416666666667 0.016203703703703703
0 0.750390625 0.38958333333333334 0.01953125 0.02546296296296296
0 0.7455729166666667 0.36574074074074076 0.0171875 0.021296296296296296
0 0.7509114583333333 0.34444444444444444 0.02109375 0.024074074074074074
0 0.7790364583333333 0.3541666666666667 0.02421875 0.024074074074074074
0 0.8209635416666666 0.31689814814814815 0.017447916666666667 0.04953703703703704
0 0.8463541666666666 0.3685185185185185 0.01875 0.030555555555555555
0 0.8622395833333333 0.3648148148148148 0.016666666666666666 0.03148148148148148
0 0.808203125 0.38819444444444445 0.04453125 0.029166666666666667
0 0.8576822916666667 0.4041666666666667 0.019010416666666665 0.019444444444444445
0 0.8384114583333333 0.39560185185185187 0.01796875 0.020833333333333332
0 0.7774739583333333 0.39143518518518516 0.01796875 0.022685185185185187
0 0.808984375 0.4185185185185185 0.03723958333333333 0.027777777777777776
0 0.8348958333333333 0.41898148148148145 0.011458333333333333 0.017592592592592594
0 0.8072916666666666 0.4449074074074074 0.0171875 0.01574074074074074
0 0.801953125 0.46805555555555556 0.01171875 0.021296296296296296
0 0.8221354166666667 0.4701388888888889 0.016145833333333335 0.022685185185185187
0 0.8817708333333333 0.37939814814814815 0.014583333333333334 0.02638888888888889
0 0.9416666666666667 0.37800925925925927 0.03177083333333333 0.02546296296296296
0 0.9557291666666666 0.4164351851851852 0.06197916666666667 0.04583333333333333
0 0.9877604166666667 0.41689814814814813 0.022916666666666665 0.02824074074074074
0 0.9813802083333333 0.4527777777777778 0.03723958333333333 0.037037037037037035
0 0.9842447916666667 0.4965277777777778 0.031510416666666666 0.033796296296296297
0 0.984765625 0.5747685185185185 0.02890625 0.038425925925925926
0 0.97578125 0.5298611111111111 0.025 0.024537037037037038
0 0.970703125 0.4759259259259259 0.020052083333333335 0.020370370370370372
0 0.9455729166666667 0.4708333333333333 0.021354166666666667 0.021296296296296296
0 0.953125 0.4479166666666667 0.021875 0.027314814814814816
0 0.9192708333333334 0.43472222222222223 0.013541666666666667 0.021296296296296296
0 0.9028645833333333 0.41458333333333336 0.021354166666666667 0.024537037037037038
0 0.8766927083333333 0.4236111111111111 0.016927083333333332 0.025
0 0.8735677083333333 0.46875 0.016927083333333332 0.02824074074074074
0 0.8981770833333333 0.4703703703703704 0.024479166666666666 0.02962962962962963
0 0.127734375 0.26296296296296295 0.02265625 0.028703703703703703
0 0.15755208333333334 0.29560185185185184 0.0359375 0.033796296296296297
0 0.97109375 0.47314814814814815 0.021354166666666667 0.020370370370370372
0 0.94609375 0.4685185185185185 0.024479166666666666 0.018518518518518517
0 0.9239583333333333 0.46064814814814814 0.017708333333333333 0.017592592592592594
0 0.71484375 0.3648148148148148 0.05364583333333333 0.02962962962962963
0 0.76640625 0.3976851851851852 0.011979166666666667 0.021296296296296296
0 0.81953125 0.3819444444444444 0.011979166666666667 0.010185185185185186
0 0.9018229166666667 0.4444444444444444 0.05572916666666667 0.037037037037037035
0 0.85625 0.4527777777777778 0.040625 0.040740740740740744
0 0.84921875 0.42083333333333334 0.033854166666666664 0.030555555555555555
0 0.8265625 0.4356481481481482 0.0125 0.012037037037037037
0 0.8213541666666667 0.42824074074074076 0.0125 0.012037037037037037
0 0.78828125 0.41203703703703703 0.011979166666666667 0.016666666666666666
0 0.9471354166666667 0.4930555555555556 0.0171875 0.017592592592592594
0 0.9119791666666667 0.48333333333333334 0.023958333333333335 0.020370370370370372
0 0.09869791666666666 0.36342592592592593 0.0578125 0.03611111111111111
0 0.16145833333333334 0.3597222222222222 0.03125 0.04351851851851852
0 0.08255208333333333 0.42592592592592593 0.050520833333333334 0.037037037037037035
0 0.04895833333333333 0.3976851851851852 0.042708333333333334 0.04351851851851852
0 0.008072916666666667 0.32083333333333336 0.015104166666666667 0.041666666666666664
0 0.23255208333333333 0.1537037037037037 0.015104166666666667 0.022222222222222223
0 0.6658854166666667 0.3453703703703704 0.013020833333333334 0.018518518518518517
0 0.60859375 0.3648148148148148 0.015104166666666667 0.027777777777777776
