0 0.2864583333333333 0.17939814814814814 0.17447916666666666 0.13657407407407407
0 0.19283854166666667 0.028935185185185185 0.09244791666666667 0.05787037037037037
0 0.29635416666666664 0.06180555555555556 0.06614583333333333 0.07268518518518519
0 0.357421875 0.04097222222222222 0.04088541666666667 0.07916666666666666
0 0.37734375 0.027314814814814816 0.040625 0.05462962962962963
0 0.41549479166666664 0.030324074074074073 0.038802083333333334 0.060648148148148145
0 0.45208333333333334 0.01712962962962963 0.029166666666666667 0.03425925925925926
0 0.510546875 0.07430555555555556 0.03723958333333333 0.059722222222222225
0 0.5837239583333333 0.09259259259259259 0.02421875 0.05092592592592592
0 0.6359375 0.11990740740740741 0.022395833333333334 0.062037037037037036
0 0.5985677083333333 0.17569444444444443 0.04192708333333333 0.038425925925925926
0 0.5486979166666667 0.1476851851851852 0.035416666666666666 0.030555555555555555
0 0.5044270833333333 0.15902777777777777 0.05 0.09027777777777778
0 0.6368489583333333 0.2275462962962963 0.04609375 0.04490740740740741
0 0.634375 0.32314814814814813 0.041666666666666664 0.06666666666666667
0 0.678515625 0.23981481481481481 0.055989583333333336 0.06018518518518518
0 0.7481770833333333 0.25972222222222224 0.0578125 0.06018518518518518
0 0.7677083333333333 0.3282407407407407 0.04895833333333333 0.07592592592592592
0 0.733984375 0.3488425925925926 0.05078125 0.056018518518518516
0 0.7009114583333333 0.3236111111111111 0.06276041666666667 0.06666666666666667
0 0.6639322916666667 0.46087962962962964 0.04192708333333333 0.07268518518518519
0 0.6809895833333334 0.5326388888888889 0.0453125 0.09027777777777778
0 0.7029947916666667 0.4530092592592593 0.04921875 0.07175925925925926
0 0.7951822916666667 0.5412037037037037 0.05546875 0.08703703703703704
0 0.7729166666666667 0.5907407407407408 0.04895833333333333 0.08518518518518518
0 0.8799479166666667 0.506712962962963 0.05520833333333333 0.06342592592592593
0 0.8651041666666667 0.5381944444444444 0.04895833333333333 0.06342592592592593
0 0.8565104166666667 0.5916666666666667 0.058854166666666666 0.08148148148148149
0 0.8924479166666667 0.47199074074074077 0.0453125 0.06805555555555555
0 0.88515625 0.4099537037037037 0.04895833333333333 0.06527777777777778
0 0.8505208333333333 0.42939814814814814 0.05520833333333333 0.06898148148148148
0 0.833203125 0.3625 0.04973958333333333 0.075
0 0.7954427083333333 0.40694444444444444 0.038802083333333334 0.05092592592592592
0 0.8028645833333333 0.399537037037037 0.04114583333333333 0.05092592592592592
0 0.955078125 0.6564814814814814 0.07578125 0.0787037037037037
0 0.9661458333333334 0.6263888888888889 0.06770833333333333 0.07314814814814814
0 0.93203125 0.5194444444444445 0.033854166666666664 0.04259259259259259
0 0.9755208333333333 0.4597222222222222 0.04895833333333333 0.05185185185185185
0 0.9708333333333333 0.5365740740740741 0.0375 0.0787037037037037
0 0.9764322916666667 0.9173611111111111 0.047135416666666666 0.10416666666666667
0 0.6265625 0.7319444444444444 0.24635416666666668 0.5351851851851852
0 0.9234375 0.7819444444444444 0.041666666666666664 0.04351851851851852
