0 0.018489583333333334 0.42083333333333334 0.0234375 0.021296296296296296
0 0.23802083333333332 0.2898148148148148 0.011458333333333333 0.018518518518518517
0 0.44283854166666664 0.3921296296296296 0.009114583333333334 0.020370370370370372
0 0.49505208333333334 0.29583333333333334 0.005208333333333333 0.012037037037037037
0 0.446484375 0.11990740740740741 0.00703125 0.018518518518518517
0 0.41796875 0.05648148148148148 0.0078125 0.012962962962962963
0 0.533984375 0.24513888888888888 0.006510416666666667 0.015277777777777777
0 0.5473958333333333 0.24004629629629629 0.0067708333333333336 0.013425925925925926
0 0.56953125 0.2599537037037037 0.009895833333333333 0.0125
0 0.575390625 0.18449074074074073 0.011197916666666667 0.01712962962962963
0 0.58671875 0.2641203703703704 0.0109375 0.015277777777777777
0 0.59375 0.22083333333333333 0.0125 0.01574074074074074
0 0.6122395833333333 0.18541666666666667 0.0109375 0.011574074074074073
0 0.6545572916666667 0.16365740740740742 0.009114583333333334 0.014351851851851852
0 0.65859375 0.22361111111111112 0.0109375 0.009259259259259259
0 0.6450520833333333 0.30925925925925923 0.008854166666666666 0.014814814814814815
0 0.640234375 0.14074074074074075 0.00859375 0.013888888888888888
0 0.6143229166666667 0.1553240740740741 0.009895833333333333 0.018055555555555554
0 0.5255208333333333 0.08587962962962963 0.00625 0.02546296296296296
0 0.6470052083333333 0.07847222222222222 0.010677083333333334 0.01990740740740741
0 0.6576822916666667 0.04652777777777778 0.01171875 0.015277777777777777
0 0.7197916666666667 0.2488425925925926 0.011979166666666667 0.02175925925925926
0 0.7430989583333333 0.19305555555555556 0.008072916666666667 0.012037037037037037
0 0.7544270833333333 0.1537037037037037 0.0078125 0.017592592592592594
0 0.7313802083333333 0.1284722222222222 0.015364583333333333 0.014351851851851852
0 0.7934895833333333 0.2689814814814815 0.013020833333333334 0.012037037037037037
0 0.7990885416666667 0.23796296296296296 0.007552083333333333 0.013888888888888888
0 0.8020833333333334 0.36180555555555555 0.008854166666666666 0.014351851851851852
0 0.863671875 0.33796296296296297 0.008072916666666667 0.012037037037037037
0 0.8544270833333333 0.24861111111111112 0.009375 0.012962962962962963
0 0.8713541666666667 0.24560185185185185 0.009895833333333333 0.015277777777777777
0 0.8514322916666667 0.18287037037037038 0.012239583333333333 0.013888888888888888
0 0.8555989583333333 0.15787037037037038 0.007552083333333333 0.014814814814814815
0 0.8537760416666667 0.08125 0.01484375 0.018055555555555554
0 0.8424479166666666 0.04513888888888889 0.011979166666666667 0.01990740740740741
0 0.8802083333333334 0.06620370370370371 0.00625 0.014814814814814815
0 0.8872395833333333 0.029166666666666667 0.007291666666666667 0.013888888888888888
0 0.9180989583333333 0.32013888888888886 0.00859375 0.01712962962962963
0 0.9307291666666667 0.1960648148148148 0.008854166666666666 0.01712962962962963
0 0.94921875 0.1449074074074074 0.0067708333333333336 0.012037037037037037
0 0.5065104166666666 0.6726851851851852 0.03177083333333333 0.023148148148148147
0 0.2125 0.4634259259259259 0.015625 0.010185185185185186
0 0.68671875 0.3277777777777778 0.0078125 0.011111111111111112
0 0.9723958333333333 0.19953703703703704 0.013541666666666667 0.013888888888888888
0 0.7354166666666667 0.0824074074074074 0.007291666666666667 0.016666666666666666
0 0.7963541666666667 0.09212962962962963 0.004166666666666667 0.010185185185185186
0 0.8114583333333333 0.11898148148148148 0.007291666666666667 0.021296296296296296
0 0.840625 0.14722222222222223 0.011458333333333333 0.014814814814814815
0 0.9466145833333334 0.14305555555555555 0.0036458333333333334 0.006481481481481481
0 0.9190104166666667 0.3337962962962963 0.0046875 0.010185185185185186
0 0.9627604166666667 0.25555555555555554 0.0036458333333333334 0.011111111111111112
0 0.96484375 0.2791666666666667 0.005729166666666666 0.013888888888888888
0 0.9270833333333334 0.2902777777777778 0.003125 0.006481481481481481
0 0.8643229166666667 0.25462962962962965 0.005729166666666666 0.012962962962962963
0 0.9950520833333333 0.2884259259259259 0.009895833333333333 0.008333333333333333
0 0.97890625 0.24537037037037038 0.011979166666666667 0.012962962962962963
0 0.8799479166666667 0.19305555555555556 0.0067708333333333336 0.017592592592592594
0 0.8684895833333334 0.15694444444444444 0.005729166666666666 0.01574074074074074
0 0.8630208333333333 0.17592592592592593 0.003125 0.005555555555555556
0 0.9325520833333333 0.2916666666666667 0.0036458333333333334 0.009259259259259259
0 0.69375 0.2935185185185185 0.005208333333333333 0.011111111111111112
0 0.7059895833333333 0.11898148148148148 0.0046875 0.006481481481481481
0 0.71484375 0.14444444444444443 0.0036458333333333334 0.009259259259259259
0 0.65703125 0.17314814814814813 0.005729166666666666 0.009259259259259259
0 0.7028645833333333 0.175 0.0036458333333333334 0.007407407407407408
0 0.6677083333333333 0.12824074074074074 0.003125 0.008333333333333333
0 0.65234375 0.10555555555555556 0.0046875 0.009259259259259259
0 0.6677083333333333 0.03287037037037037 0.00625 0.010185185185185186
0 0.71796875 0.225 0.0046875 0.011111111111111112
0 0.7346354166666667 0.2212962962962963 0.0067708333333333336 0.009259259259259259
0 0.6640625 0.19444444444444445 0.004166666666666667 0.005555555555555556
0 0.77265625 0.018055555555555554 0.0036458333333333334 0.010185185185185186
