0 0.6134114583333333 0.30416666666666664 0.31328125 0.1648148148148148
0 0.7869791666666667 0.17199074074074075 0.06822916666666666 0.06620370370370371
0 0.7098958333333333 0.10555555555555556 0.0640625 0.07314814814814814
0 0.04765625 0.30925925925925923 0.025 0.027777777777777776
0 0.07565104166666667 0.41064814814814815 0.01171875 0.027777777777777776
0 0.08203125 0.38333333333333336 0.009895833333333333 0.018518518518518517
0 0.10091145833333333 0.5354166666666667 0.00859375 0.018055555555555554
0 0.10755208333333334 0.5125 0.008854166666666666 0.025
0 0.29270833333333335 0.7025462962962963 0.0203125 0.027314814814814816
0 0.2501302083333333 0.6729166666666667 0.014322916666666666 0.01990740740740741
0 0.3997395833333333 0.9337962962962963 0.21041666666666667 0.12037037037037036
0 0.31354166666666666 0.7180555555555556 0.0125 0.013888888888888888
0 0.31171875 0.5342592592592592 0.0109375 0.011111111111111112
0 0.7345052083333333 0.7828703703703703 0.013802083333333333 0.016666666666666666
0 0.32317708333333334 0.7356481481481482 0.0140625 0.023148148148148147
0 0.9315104166666667 0.5532407407407407 0.09114583333333333 0.04537037037037037
0 0.7979166666666667 0.7916666666666666 0.008333333333333333 0.020370370370370372
0 0.8828125 0.9712962962962963 0.03125 0.05555555555555555
0 0.21848958333333332 0.549537037037037 0.005729166666666666 0.008333333333333333
0 0.23046875 0.5518518518518518 0.0046875 0.003703703703703704
0 0.2916666666666667 0.5208333333333334 0.00625 0.012037037037037037
