0 0.5619791666666667 0.6824074074074075 0.033854166666666664 0.06759259259259259
0 0.655859375 0.1502314814814815 0.03203125 0.02638888888888889
0 0.576171875 0.1736111111111111 0.026302083333333334 0.027777777777777776
0 0.5859375 0.15416666666666667 0.021875 0.019444444444444445
0 0.5033854166666667 0.22962962962962963 0.03229166666666667 0.030555555555555555
0 0.5028645833333333 0.2708333333333333 0.0421875 0.03148148148148148
0 0.6274739583333333 0.2377314814814815 0.01640625 0.02361111111111111
0 0.909375 0.12731481481481483 0.03958333333333333 0.03425925925925926
0 0.7791666666666667 0.11342592592592593 0.01875 0.030555555555555555
0 0.5041666666666667 0.19953703703703704 0.025 0.017592592592592594
0 0.41184895833333335 0.18194444444444444 0.03046875 0.03333333333333333
0 0.01171875 0.22175925925925927 0.011979166666666667 0.017592592592592594
0 0.03984375 0.007407407407407408 0.0171875 0.014814814814814815
0 0.049479166666666664 0.02546296296296296 0.011458333333333333 0.010185185185185186
0 0.08880208333333334 0.05787037037037037 0.015104166666666667 0.017592592592592594
0 0.16744791666666667 0.02638888888888889 0.011979166666666667 0.012037037037037037
0 0.19661458333333334 0.14814814814814814 0.013541666666666667 0.016666666666666666
0 0.2591145833333333 0.6236111111111111 0.034895833333333334 0.026851851851851852
0 0.44609375 0.2828703703703704 0.027604166666666666 0.026851851851851852
0 0.3971354166666667 0.40370370370370373 0.0234375 0.04259259259259259
