0 0.15221354166666667 0.3125 0.025260416666666667 0.05
0 0.5251302083333333 0.40185185185185185 0.13776041666666666 0.12314814814814815
0 0.337890625 0.6710648148148148 0.03359375 0.06157407407407407
0 0.14075520833333333 0.5284722222222222 0.10442708333333334 0.05138888888888889
0 0.023958333333333335 0.6280092592592592 0.04791666666666667 0.056018518518518516
0 0.02578125 0.28587962962962965 0.04895833333333333 0.07731481481481481
0 0.11380208333333333 0.45185185185185184 0.15520833333333334 0.08703703703703704
0 0.9319010416666667 0.6590277777777778 0.054427083333333334 0.04861111111111111
0 0.18541666666666667 0.9564814814814815 0.13645833333333332 0.08703703703703704
0 0.2734375 0.6138888888888889 0.03125 0.05555555555555555
0 0.54609375 0.8064814814814815 0.0390625 0.05555555555555555
0 0.9231770833333334 0.31527777777777777 0.022395833333333334 0.028703703703703703
