0 0.121484375 0.03958333333333333 0.19036458333333334 0.07916666666666666
0 0.215625 0.23333333333333334 0.14895833333333333 0.06388888888888888
0 0.12486979166666666 0.32222222222222224 0.14036458333333332 0.18981481481481483
0 0.3001302083333333 0.5506944444444445 0.04869791666666667 0.04583333333333333
0 0.33515625 0.6796296296296296 0.04010416666666667 0.08148148148148149
0 0.4466145833333333 0.6648148148148149 0.059895833333333336 0.062037037037037036
0 0.4744791666666667 0.674537037037037 0.053125 0.0824074074074074
0 0.49505208333333334 0.5740740740740741 0.078125 0.03796296296296296
0 0.469140625 0.5180555555555556 0.07890625 0.044444444444444446
0 0.3736979166666667 0.48194444444444445 0.0359375 0.16574074074074074
0 0.37838541666666664 0.4671296296296296 0.03697916666666667 0.1787037037037037
0 0.408984375 0.4634259259259259 0.04192708333333333 0.1925925925925926
0 0.518359375 0.3611111111111111 0.17526041666666667 0.17962962962962964
0 0.6110677083333333 0.2712962962962963 0.16588541666666667 0.0824074074074074
0 0.8106770833333333 0.5041666666666667 0.050520833333333334 0.06759259259259259
0 0.9341145833333333 0.6851851851851852 0.07760416666666667 0.05925925925925926
0 0.7010416666666667 0.7125 0.065625 0.062037037037037036
