0 0.401953125 0.430787037037037 0.05703125 0.05416666666666667
0 0.34908854166666664 0.4013888888888889 0.08463541666666667 0.075
0 0.10455729166666666 0.04791666666666667 0.05546875 0.0875
0 0.36796875 0.2351851851851852 0.06770833333333333 0.06296296296296296
0 0.4671875 0.256712962962963 0.08125 0.06898148148148148
0 0.5149739583333334 0.31180555555555556 0.17578125 0.12083333333333333
0 0.844140625 0.46620370370370373 0.13932291666666666 0.08333333333333333
0 0.80703125 0.4013888888888889 0.14947916666666666 0.09259259259259259
0 0.8428385416666667 0.2636574074074074 0.11171875 0.08472222222222223
0 0.7799479166666666 0.23981481481481481 0.09166666666666666 0.08981481481481482
0 0.8475260416666667 0.12939814814814815 0.061197916666666664 0.06898148148148148
0 0.6744791666666666 0.11296296296296296 0.13385416666666666 0.08703703703703704
0 0.5350260416666667 0.030787037037037036 0.12526041666666668 0.05787037037037037
