0 0.4317708333333333 0.11018518518518519 0.030208333333333334 0.025925925925925925
0 0.4337239583333333 0.07337962962962963 0.028385416666666666 0.02824074074074074
0 0.42630208333333336 0.13935185185185187 0.009895833333333333 0.03611111111111111
0 0.39622395833333335 0.14560185185185184 0.009114583333333334 0.022685185185185187
0 0.3841145833333333 0.13240740740740742 0.025520833333333333 0.026851851851851852
0 0.3846354166666667 0.16319444444444445 0.014583333333333334 0.03935185185185185
0 0.39921875 0.22060185185185185 0.026041666666666668 0.07916666666666666
0 0.376953125 0.2625 0.022135416666666668 0.058333333333333334
0 0.39609375 0.2671296296296296 0.0265625 0.05092592592592592
0 0.40390625 0.25555555555555554 0.009895833333333333 0.020370370370370372
0 0.4283854166666667 0.21712962962962962 0.03177083333333333 0.053703703703703705
0 0.3555989583333333 0.23541666666666666 0.02734375 0.09675925925925925
0 0.3626302083333333 0.24467592592592594 0.023177083333333334 0.07453703703703704
0 0.35247395833333334 0.19814814814814816 0.023177083333333334 0.075
0 0.3536458333333333 0.1574074074074074 0.0171875 0.05462962962962963
0 0.33736979166666664 0.16087962962962962 0.018489583333333334 0.04953703703703704
0 0.32330729166666666 0.1613425925925926 0.031510416666666666 0.09212962962962963
0 0.2962239583333333 0.2224537037037037 0.020572916666666666 0.03657407407407407
0 0.29049479166666664 0.26273148148148145 0.012760416666666666 0.04583333333333333
0 0.3078125 0.30092592592592593 0.026041666666666668 0.06574074074074074
0 0.3204427083333333 0.30115740740740743 0.015885416666666666 0.034722222222222224
0 0.3235677083333333 0.3363425925925926 0.025260416666666667 0.04953703703703704
0 0.349609375 0.3141203703703704 0.024739583333333332 0.06712962962962964
0 0.355859375 0.31875 0.025260416666666667 0.07083333333333333
0 0.3875 0.33912037037037035 0.03229166666666667 0.09583333333333334
0 0.42721354166666664 0.30833333333333335 0.037760416666666664 0.08981481481481482
0 0.472265625 0.18472222222222223 0.013802083333333333 0.03333333333333333
0 0.47434895833333335 0.1960648148148148 0.01015625 0.022685185185185187
0 0.46640625 0.17407407407407408 0.010416666666666666 0.03333333333333333
0 0.46341145833333336 0.13217592592592592 0.01015625 0.03935185185185185
0 0.284375 0.42916666666666664 0.016666666666666666 0.04722222222222222
0 0.298828125 0.3939814814814815 0.011197916666666667 0.022222222222222223
0 0.30559895833333334 0.40902777777777777 0.019010416666666665 0.034722222222222224
0 0.32643229166666665 0.37754629629629627 0.012760416666666666 0.04027777777777778
0 0.33541666666666664 0.39375 0.014583333333333334 0.0412037037037037
0 0.35390625 0.37083333333333335 0.019791666666666666 0.028703703703703703
0 0.26171875 0.3763888888888889 0.027083333333333334 0.044444444444444446
0 0.25143229166666664 0.32013888888888886 0.014322916666666666 0.03287037037037037
0 0.2674479166666667 0.4125 0.0109375 0.03518518518518519
0 0.240234375 0.2747685185185185 0.03463541666666667 0.10601851851851851
0 0.18802083333333333 0.4048611111111111 0.0234375 0.07361111111111111
0 0.144140625 0.5055555555555555 0.015364583333333333 0.03518518518518519
0 0.04375 0.5840277777777778 0.08020833333333334 0.11990740740740741
0 0.09856770833333334 0.6185185185185185 0.11588541666666667 0.15648148148148147
0 0.04348958333333333 0.6532407407407408 0.08697916666666666 0.0787037037037037
0 0.128125 0.76875 0.109375 0.15787037037037038
0 0.022135416666666668 0.843287037037037 0.044270833333333336 0.11157407407407408
0 0.21223958333333334 0.5949074074074074 0.053125 0.044444444444444446
0 0.21354166666666666 0.5252314814814815 0.023958333333333335 0.052314814814814814
0 0.182421875 0.5486111111111112 0.019010416666666665 0.03148148148148148
0 0.192578125 0.5076388888888889 0.015364583333333333 0.03287037037037037
0 0.165234375 0.5180555555555556 0.017447916666666667 0.03611111111111111
0 0.253515625 0.4979166666666667 0.047135416666666666 0.09861111111111111
0 0.313671875 0.44837962962962963 0.08098958333333334 0.12083333333333333
0 0.2791666666666667 0.6055555555555555 0.13177083333333334 0.2
0 0.31158854166666666 0.5391203703703704 0.14973958333333334 0.13287037037037036
0 0.4102864583333333 0.5143518518518518 0.08359375 0.15555555555555556
0 0.459375 0.4356481481481482 0.0375 0.075
0 0.6731770833333334 0.17754629629629629 0.10729166666666666 0.12546296296296297
0 0.5657552083333334 0.22523148148148148 0.20911458333333333 0.2949074074074074
0 0.54296875 0.07847222222222222 0.12916666666666668 0.15601851851851853
0 0.6119791666666666 0.10787037037037037 0.090625 0.1175925925925926
0 0.6638020833333333 0.016898148148148148 0.0140625 0.033796296296296297
0 0.629296875 0.018518518518518517 0.017447916666666667 0.037037037037037035
0 0.6809895833333334 0.05115740740740741 0.0265625 0.034722222222222224
0 0.718359375 0.06550925925925925 0.02734375 0.0412037037037037
0 0.7852864583333333 0.02199074074074074 0.01953125 0.033796296296296297
0 0.866015625 0.02546296296296296 0.023177083333333334 0.04259259259259259
0 0.7700520833333333 0.013657407407407408 0.011979166666666667 0.018055555555555554
0 0.85703125 0.3050925925925926 0.06666666666666667 0.1712962962962963
0 0.6557291666666667 0.004166666666666667 0.010416666666666666 0.008333333333333333
0 0.6208333333333333 0.004629629629629629 0.009375 0.009259259259259259
0 0.6130208333333333 0.03611111111111111 0.009375 0.03518518518518519
0 0.6020833333333333 0.025925925925925925 0.01875 0.022222222222222223
0 0.5604166666666667 0.014351851851851852 0.0125 0.028703703703703703
0 0.53671875 0.006944444444444444 0.008854166666666666 0.013888888888888888
0 0.5122395833333333 0.05555555555555555 0.019270833333333334 0.04259259259259259
0 0.5307291666666667 0.13935185185185187 0.019791666666666666 0.03425925925925926
0 0.3145833333333333 0.3587962962962963 0.014583333333333334 0.017592592592592594
0 0.21067708333333332 0.5166666666666667 0.016145833333333335 0.037037037037037035
0 0.3390625 0.5513888888888889 0.09791666666666667 0.1638888888888889
