0 0.13450520833333332 0.43842592592592594 0.07213541666666666 0.10555555555555556
0 0.087890625 0.6006944444444444 0.17578125 0.06712962962962964
0 0.13125 0.7039351851851852 0.2625 0.1486111111111111
0 0.27955729166666665 0.5099537037037037 0.09765625 0.05787037037037037
0 0.430078125 0.58125 0.15494791666666666 0.07546296296296297
0 0.5266927083333334 0.41412037037037036 0.2674479166666667 0.18472222222222223
0 0.84375 0.5428240740740741 0.11927083333333334 0.06898148148148148
0 0.7024739583333334 0.5493055555555556 0.10651041666666666 0.05416666666666667
0 0.9712239583333333 0.44305555555555554 0.05755208333333333 0.07407407407407407
0 0.03203125 0.3226851851851852 0.0640625 0.04351851851851852
0 0.4734375 0.4324074074074074 0.05520833333333333 0.07037037037037037
