0 0.3106770833333333 0.3418981481481482 0.014583333333333334 0.020833333333333332
0 0.3729166666666667 0.4351851851851852 0.013541666666666667 0.025
0 0.28125 0.4761574074074074 0.06197916666666667 0.10694444444444444
0 0.0484375 0.5449074074074074 0.06927083333333334 0.06111111111111111
0 0.08736979166666667 0.5817129629629629 0.11015625 0.08472222222222223
0 0.1578125 0.6493055555555556 0.078125 0.07268518518518519
0 0.12994791666666666 0.7912037037037037 0.0859375 0.11296296296296296
0 0.3731770833333333 0.7875 0.16354166666666667 0.12129629629629629
0 0.26927083333333335 0.5930555555555556 0.0203125 0.06111111111111111
0 0.35768229166666665 0.6782407407407407 0.13515625 0.13518518518518519
0 0.455859375 0.5493055555555556 0.20703125 0.17453703703703705
0 0.6768229166666667 0.350462962962963 0.06354166666666666 0.07222222222222222
0 0.8111979166666666 0.7870370370370371 0.07760416666666667 0.09814814814814815
