0 0.06510416666666667 0.22893518518518519 0.0609375 0.05324074074074074
0 0.44296875 0.18564814814814815 0.22604166666666667 0.15462962962962962
0 0.618359375 0.31574074074074077 0.14140625 0.13518518518518519
0 0.804296875 0.12268518518518519 0.12057291666666667 0.12314814814814815
0 0.46328125 0.45393518518518516 0.16197916666666667 0.12824074074074074
0 0.3483072916666667 0.5462962962962963 0.15494791666666666 0.09444444444444444
0 0.12578125 0.7861111111111111 0.024479166666666666 0.05740740740740741
0 0.12994791666666666 0.6888888888888889 0.04635416666666667 0.15
0 0.15546875 0.637962962962963 0.050520833333333334 0.09074074074074075
0 0.04453125 0.549537037037037 0.05572916666666667 0.05648148148148148
0 0.04739583333333333 0.49907407407407406 0.035416666666666666 0.05740740740740741
0 0.009244791666666667 0.6837962962962963 0.018489583333333334 0.06574074074074074
0 0.8481770833333333 0.5111111111111111 0.0390625 0.016666666666666666
0 0.6971354166666667 0.9513888888888888 0.011979166666666667 0.03796296296296296
0 0.7096354166666666 0.8935185185185185 0.018229166666666668 0.018518518518518517
0 0.6971354166666667 0.9074074074074074 0.015104166666666667 0.020370370370370372
0 0.49609375 0.9268518518518518 0.03177083333333333 0.046296296296296294
0 0.509375 0.9069444444444444 0.026041666666666668 0.041666666666666664
0 0.53984375 0.8625 0.018229166666666668 0.03611111111111111
0 0.46380208333333334 0.7138888888888889 0.019270833333333334 0.018518518518518517
0 0.4513020833333333 0.7050925925925926 0.0171875 0.023148148148148147
0 0.4317708333333333 0.7245370370370371 0.014583333333333334 0.026851851851851852
0 0.5135416666666667 0.7476851851851852 0.019791666666666666 0.026851851851851852
0 0.5377604166666666 0.7625 0.0171875 0.019444444444444445
0 0.5153645833333333 0.7083333333333334 0.015104166666666667 0.020370370370370372
0 0.49296875 0.6944444444444444 0.016145833333333335 0.020370370370370372
0 0.4747395833333333 0.6967592592592593 0.016145833333333335 0.01574074074074074
0 0.5182291666666666 0.6893518518518519 0.015625 0.019444444444444445
0 0.6239583333333333 0.6800925925925926 0.026041666666666668 0.049074074074074076
0 0.6447916666666667 0.6708333333333333 0.020833333333333332 0.025
0 0.6809895833333334 0.6518518518518519 0.022395833333333334 0.024074074074074074
0 0.67734375 0.6305555555555555 0.0140625 0.018518518518518517
0 0.6486979166666667 0.612037037037037 0.018229166666666668 0.018518518518518517
0 0.6346354166666667 0.6050925925925926 0.0171875 0.032407407407407406
0 0.6690104166666667 0.5773148148148148 0.0078125 0.013888888888888888
0 0.6828125 0.6125 0.016666666666666666 0.023148148148148147
0 0.7634114583333333 0.6474537037037037 0.02109375 0.05138888888888889
0 0.7747395833333334 0.6601851851851852 0.0171875 0.02962962962962963
0 0.77734375 0.6106481481481482 0.013020833333333334 0.025
0 0.9033854166666667 0.5962962962962963 0.0171875 0.027777777777777776
0 0.8169270833333333 0.5518518518518518 0.0171875 0.018518518518518517
0 0.8322916666666667 0.7439814814814815 0.03333333333333333 0.028703703703703703
0 0.75234375 0.7888888888888889 0.0171875 0.02962962962962963
0 0.7354166666666667 0.7421296296296296 0.020833333333333332 0.03611111111111111
0 0.7346354166666667 0.6995370370370371 0.0203125 0.028703703703703703
0 0.24140625 0.6555555555555556 0.2609375 0.19814814814814816
