0 0.29791666666666666 0.8203703703703704 0.07395833333333333 0.05
0 0.49375 0.8527777777777777 0.0453125 0.12314814814814815
0 0.5266927083333334 0.7766203703703703 0.07213541666666666 0.07731481481481481
0 0.6076822916666667 0.7752314814814815 0.11276041666666667 0.15324074074074073
0 0.766796875 0.7550925925925925 0.12109375 0.09814814814814815
0 0.7161458333333334 0.6344907407407407 0.0828125 0.11527777777777778
0 0.8794270833333333 0.8354166666666667 0.08072916666666667 0.22824074074074074
0 0.9450520833333333 0.7916666666666666 0.10052083333333334 0.08055555555555556
0 0.953515625 0.5988425925925925 0.09296875 0.10138888888888889
0 0.9365885416666667 0.5995370370370371 0.12578125 0.16111111111111112
0 0.8494791666666667 0.5682870370370371 0.08489583333333334 0.17731481481481481
0 0.8182291666666667 0.4050925925925926 0.06510416666666667 0.22592592592592592
0 0.9240885416666667 0.4101851851851852 0.09244791666666667 0.1037037037037037
0 0.9473958333333333 0.36712962962962964 0.10520833333333333 0.12777777777777777
0 0.8837239583333333 0.48726851851851855 0.23255208333333333 0.14212962962962963
0 0.7575520833333333 0.1476851851851852 0.09427083333333333 0.15
0 0.6916666666666667 0.37245370370370373 0.057291666666666664 0.10138888888888889
0 0.6658854166666667 0.387037037037037 0.06666666666666667 0.08888888888888889
0 0.606640625 0.5046296296296297 0.09505208333333333 0.10092592592592593
0 0.5026041666666666 0.16203703703703703 0.18489583333333334 0.10740740740740741
0 0.6194010416666667 0.047685185185185185 0.08984375 0.09444444444444444
0 0.35703125 0.6555555555555556 0.06979166666666667 0.07777777777777778
0 0.39088541666666665 0.56875 0.08802083333333334 0.0837962962962963
0 0.2994791666666667 0.5196759259259259 0.09635416666666667 0.06898148148148148
0 0.4669270833333333 0.4706018518518518 0.10572916666666667 0.07824074074074074
0 0.19778645833333333 0.694212962962963 0.11640625 0.1050925925925926
0 0.04088541666666667 0.47685185185185186 0.08177083333333333 0.13796296296296295
0 0.13932291666666666 0.449537037037037 0.0109375 0.01574074074074074
0 0.43385416666666665 0.7439814814814815 0.015625 0.026851851851851852
0 0.64921875 0.9606481481481481 0.03802083333333333 0.04722222222222222
