0 0.20338541666666668 0.18726851851851853 0.05 0.14212962962962963
0 0.26783854166666665 0.18912037037037038 0.01484375 0.04212962962962963
0 0.25677083333333334 0.2652777777777778 0.0328125 0.05925925925925926
0 0.35390625 0.2449074074074074 0.06666666666666667 0.03796296296296296
0 0.41744791666666664 0.34675925925925927 0.08541666666666667 0.06388888888888888
0 0.39817708333333335 0.37777777777777777 0.0640625 0.08148148148148149
0 0.3990885416666667 0.45787037037037037 0.02265625 0.09722222222222222
0 0.5403645833333334 0.40324074074074073 0.071875 0.08518518518518518
0 0.475 0.399537037037037 0.052083333333333336 0.03425925925925926
0 0.034765625 0.9006944444444445 0.06953125 0.09490740740740741
0 0.7256510416666667 0.04027777777777778 0.05963541666666667 0.07222222222222222
0 0.06419270833333333 0.1011574074074074 0.022135416666666668 0.06435185185185185
0 0.987890625 0.01875 0.02421875 0.033796296296296297
0 0.18046875 0.15416666666666667 0.0203125 0.023148148148148147
0 0.74453125 0.5064814814814815 0.09114583333333333 0.08333333333333333
0 0.8182291666666667 0.28703703703703703 0.05625 0.1388888888888889
