0 0.37200520833333334 0.6048611111111111 0.02421875 0.05138888888888889
0 0.42356770833333335 0.6027777777777777 0.06536458333333334 0.0962962962962963
0 0.5049479166666667 0.6141203703703704 0.128125 0.10787037037037037
0 0.22708333333333333 0.7395833333333334 0.024479166666666666 0.03564814814814815
0 0.15494791666666666 0.6907407407407408 0.024479166666666666 0.032407407407407406
0 0.24440104166666668 0.6736111111111112 0.020572916666666666 0.027777777777777776
0 0.30703125 0.5752314814814815 0.016145833333333335 0.02546296296296296
0 0.41953125 0.3761574074074074 0.014583333333333334 0.031018518518518518
0 0.38450520833333335 0.39305555555555555 0.01171875 0.020370370370370372
0 0.47174479166666666 0.3738425925925926 0.039322916666666666 0.047685185185185185
0 0.5141927083333333 0.2349537037037037 0.02265625 0.03657407407407407
0 0.42161458333333335 0.2513888888888889 0.0109375 0.023148148148148147
0 0.52421875 0.3023148148148148 0.013020833333333334 0.05092592592592592
0 0.5569010416666667 0.19074074074074074 0.029947916666666668 0.03518518518518519
0 0.6098958333333333 0.15833333333333333 0.027083333333333334 0.03888888888888889
0 0.6196614583333333 0.11550925925925926 0.023177083333333334 0.033796296296296297
0 0.6510416666666666 0.125 0.023958333333333335 0.03333333333333333
0 0.69296875 0.08981481481481482 0.030729166666666665 0.037037037037037035
0 0.645703125 0.07476851851851851 0.05078125 0.04398148148148148
0 0.6665364583333333 0.1789351851851852 0.05286458333333333 0.04398148148148148
0 0.6756510416666667 0.23819444444444443 0.02109375 0.03287037037037037
0 0.62734375 0.19583333333333333 0.03125 0.02962962962962963
0 0.638671875 0.23032407407407407 0.04244791666666667 0.04675925925925926
0 0.6188802083333333 0.24004629629629629 0.025260416666666667 0.059722222222222225
0 0.58828125 0.2722222222222222 0.06927083333333334 0.03518518518518519
0 0.57890625 0.34791666666666665 0.1375 0.17824074074074073
0 0.65390625 0.35462962962962963 0.0484375 0.03796296296296296
0 0.6532552083333333 0.40162037037037035 0.024739583333333332 0.04398148148148148
0 0.6916666666666667 0.32060185185185186 0.018229166666666668 0.03194444444444444
0 0.7208333333333333 0.19722222222222222 0.0359375 0.03888888888888889
0 0.7407552083333333 0.2222222222222222 0.029427083333333333 0.044444444444444446
0 0.74296875 0.16597222222222222 0.028645833333333332 0.04027777777777778
0 0.72421875 0.18009259259259258 0.03177083333333333 0.026851851851851852
0 0.80703125 0.08009259259259259 0.023958333333333335 0.05092592592592592
0 0.753125 0.2523148148148148 0.021875 0.032407407407407406
0 0.716015625 0.26944444444444443 0.03723958333333333 0.04259259259259259
0 0.7559895833333333 0.30486111111111114 0.05364583333333333 0.052314814814814814
0 0.769921875 0.25277777777777777 0.038802083333333334 0.053703703703703705
0 0.795703125 0.23703703703703705 0.02578125 0.040740740740740744
0 0.8170572916666666 0.24930555555555556 0.026302083333333334 0.03564814814814815
0 0.8434895833333333 0.24282407407407408 0.019791666666666666 0.031018518518518518
0 0.8161458333333333 0.2761574074074074 0.03802083333333333 0.03009259259259259
0 0.8515625 0.29907407407407405 0.022916666666666665 0.023148148148148147
0 0.8872395833333333 0.2689814814814815 0.046875 0.04537037037037037
0 0.7966145833333333 0.31319444444444444 0.015625 0.0375
0 0.7639322916666667 0.3613425925925926 0.055989583333333336 0.05324074074074074
0 0.7916666666666666 0.3997685185185185 0.0421875 0.0587962962962963
0 0.83671875 0.39305555555555555 0.0484375 0.05092592592592592
0 0.889453125 0.3648148148148148 0.04088541666666667 0.08888888888888889
0 0.8875 0.36550925925925926 0.0828125 0.07824074074074074
0 0.819921875 0.35208333333333336 0.01640625 0.02638888888888889
0 0.84375 0.34444444444444444 0.05 0.06018518518518518
0 0.9571614583333333 0.3988425925925926 0.039322916666666666 0.059722222222222225
0 0.9170572916666667 0.4386574074074074 0.038802083333333334 0.04398148148148148
0 0.9111979166666667 0.48125 0.0234375 0.031018518518518518
0 0.9486979166666667 0.4425925925925926 0.0203125 0.03148148148148148
0 0.8177083333333334 0.45740740740740743 0.16614583333333333 0.11388888888888889
0 0.5286458333333334 0.4909722222222222 0.14583333333333334 0.15138888888888888
0 0.6302083333333334 0.4773148148148148 0.04895833333333333 0.1175925925925926
0 0.6552083333333333 0.4791666666666667 0.06979166666666667 0.09166666666666666
0 0.6846354166666667 0.43148148148148147 0.07395833333333333 0.14537037037037037
0 0.7338541666666667 0.37083333333333335 0.023958333333333335 0.017592592592592594
0 0.7278645833333334 0.2865740740740741 0.018229166666666668 0.03425925925925926
0 0.74609375 0.3277777777777778 0.022395833333333334 0.018518518518518517
0 0.7 0.37222222222222223 0.03854166666666667 0.06851851851851852
0 0.9786458333333333 0.8347222222222223 0.014583333333333334 0.017592592592592594
0 0.6247395833333333 0.42685185185185187 0.11614583333333334 0.25925925925925924
0 0.6552083333333333 0.18472222222222223 0.034375 0.062037037037037036
