0 0.10546875 0.48171296296296295 0.026041666666666668 0.03287037037037037
0 0.08255208333333333 0.44583333333333336 0.025520833333333333 0.03425925925925926
0 0.05 0.44583333333333336 0.022916666666666665 0.026851851851851852
0 0.04401041666666667 0.42662037037037037 0.0203125 0.03287037037037037
0 0.022135416666666668 0.44189814814814815 0.0296875 0.04027777777777778
0 0.11171875 0.43148148148148147 0.0234375 0.028703703703703703
0 0.13463541666666667 0.4462962962962963 0.029166666666666667 0.040740740740740744
0 0.14166666666666666 0.4777777777777778 0.021875 0.03333333333333333
0 0.18854166666666666 0.4300925925925926 0.021875 0.030555555555555555
0 0.24765625 0.4185185185185185 0.024479166666666666 0.02962962962962963
0 0.2630208333333333 0.4777777777777778 0.0234375 0.02962962962962963
0 0.24869791666666666 0.4449074074074074 0.011979166666666667 0.017592592592592594
0 0.23671875 0.46805555555555556 0.017708333333333333 0.02962962962962963
0 0.22135416666666666 0.449537037037037 0.018229166666666668 0.027777777777777776
0 0.21184895833333334 0.46273148148148147 0.01796875 0.029166666666666667
0 0.19609375 0.46944444444444444 0.016145833333333335 0.024074074074074074
0 0.178125 0.4888888888888889 0.015625 0.022222222222222223
0 0.18828125 0.46296296296296297 0.018229166666666668 0.03148148148148148
0 0.2984375 0.480787037037037 0.0234375 0.038425925925925926
0 0.29791666666666666 0.4375 0.0125 0.019444444444444445
0 0.320703125 0.4414351851851852 0.03515625 0.0412037037037037
0 0.344921875 0.41064814814814815 0.02109375 0.03611111111111111
0 0.36302083333333335 0.43657407407407406 0.0203125 0.024074074074074074
0 0.395703125 0.45439814814814816 0.03619791666666667 0.031018518518518518
0 0.33828125 0.43425925925925923 0.03177083333333333 0.037037037037037035
0 0.4296875 0.4300925925925926 0.011458333333333333 0.019444444444444445
0 0.448828125 0.43472222222222223 0.015364583333333333 0.025
0 0.4942708333333333 0.4391203703703704 0.016145833333333335 0.020833333333333332
0 0.5006510416666666 0.41388888888888886 0.03046875 0.026851851851851852
0 0.36666666666666664 0.3768518518518518 0.013541666666666667 0.022222222222222223
0 0.6388020833333333 0.48819444444444443 0.0484375 0.038425925925925926
0 0.6109375 0.462037037037037 0.05 0.044444444444444446
0 0.5373697916666667 0.4530092592592593 0.031510416666666666 0.02824074074074074
0 0.56015625 0.425462962962963 0.030729166666666665 0.032407407407407406
0 0.5536458333333333 0.3905092592592593 0.022916666666666665 0.02824074074074074
0 0.58125 0.39861111111111114 0.021875 0.030555555555555555
0 0.653125 0.449537037037037 0.019791666666666666 0.030555555555555555
0 0.71640625 0.3648148148148148 0.04739583333333333 0.025925925925925925
0 0.76796875 0.3402777777777778 0.0421875 0.032407407407407406
0 0.8184895833333333 0.3453703703703704 0.050520833333333334 0.03148148148148148
0 0.79375 0.45694444444444443 0.06666666666666667 0.05185185185185185
0 0.8657552083333333 0.40879629629629627 0.05651041666666667 0.04259259259259259
0 0.9877604166666667 0.325 0.024479166666666666 0.024074074074074074
0 0.9188802083333333 0.3280092592592593 0.048177083333333336 0.04212962962962963
0 0.8817708333333333 0.3333333333333333 0.030208333333333334 0.027777777777777776
0 0.8484375 0.31875 0.058333333333333334 0.03935185185185185
0 0.84140625 0.30925925925925923 0.0515625 0.037037037037037035
0 0.7359375 0.4009259259259259 0.0671875 0.04351851851851852
0 0.8143229166666667 0.3888888888888889 0.049479166666666664 0.053703703703703705
0 0.668359375 0.40694444444444444 0.040364583333333336 0.03518518518518519
0 0.6893229166666667 0.34814814814814815 0.0265625 0.03148148148148148
0 0.61953125 0.3675925925925926 0.04010416666666667 0.037037037037037035
0 0.6421875 0.3597222222222222 0.020833333333333332 0.03611111111111111
0 0.6494791666666667 0.3800925925925926 0.019791666666666666 0.026851851851851852
0 0.6921875 0.45555555555555555 0.030208333333333334 0.03888888888888889
0 0.4140625 0.4564814814814815 0.028125 0.037037037037037035
0 0.48776041666666664 0.47314814814814815 0.027604166666666666 0.037037037037037035
0 0.9481770833333333 0.3675925925925926 0.04635416666666667 0.08148148148148149
0 0.3372395833333333 0.48657407407407405 0.03802083333333333 0.04537037037037037
0 0.6088541666666667 0.22870370370370371 0.022916666666666665 0.027777777777777776
0 0.8721354166666667 0.3699074074074074 0.03697916666666667 0.049074074074074076
