0 0.14921875 0.4486111111111111 0.0671875 0.03518518518518519
0 0.5712239583333333 0.3747685185185185 0.03463541666666667 0.03009259259259259
0 0.6264322916666667 0.512962962962963 0.03046875 0.02962962962962963
0 0.6509114583333333 0.5194444444444445 0.03828125 0.03981481481481482
0 0.5942708333333333 0.5798611111111112 0.0234375 0.03657407407407407
0 0.52265625 0.6069444444444444 0.0078125 0.032407407407407406
0 0.46575520833333334 0.6849537037037037 0.02890625 0.03935185185185185
0 0.4828125 0.6861111111111111 0.011458333333333333 0.037037037037037035
0 0.7533854166666667 0.5523148148148148 0.035416666666666666 0.03796296296296296
0 0.820703125 0.5710648148148149 0.04453125 0.03935185185185185
0 0.8178385416666667 0.6078703703703704 0.047135416666666666 0.03796296296296296
0 0.8216145833333334 0.5976851851851852 0.049479166666666664 0.030555555555555555
0 0.8506510416666667 0.4668981481481482 0.03463541666666667 0.034722222222222224
0 0.39609375 0.5736111111111111 0.018229166666666668 0.03425925925925926
0 0.31927083333333334 0.6027777777777777 0.036458333333333336 0.07777777777777778
0 0.020572916666666666 0.2550925925925926 0.011979166666666667 0.025
