0 0.22291666666666668 0.8270833333333333 0.21354166666666666 0.3458333333333333
0 0.20625 0.4479166666666667 0.10885416666666667 0.14953703703703702
0 0.30104166666666665 0.3912037037037037 0.07604166666666666 0.058333333333333334
0 0.02421875 0.3402777777777778 0.0484375 0.075
0 0.20442708333333334 0.20555555555555555 0.06458333333333334 0.08703703703703704
0 0.22005208333333334 0.19583333333333333 0.0453125 0.08611111111111111
0 0.32721354166666666 0.1886574074074074 0.053385416666666664 0.11990740740740741
0 0.37838541666666664 0.27824074074074073 0.0265625 0.04351851851851852
0 0.33177083333333335 0.2800925925925926 0.017708333333333333 0.03611111111111111
0 0.33828125 0.31203703703703706 0.03697916666666667 0.06666666666666667
0 0.24114583333333334 0.020833333333333332 0.052083333333333336 0.041666666666666664
0 0.42135416666666664 0.12962962962962962 0.027083333333333334 0.037037037037037035
0 0.4083333333333333 0.17546296296296296 0.04583333333333333 0.05092592592592592
0 0.5049479166666667 0.11388888888888889 0.03802083333333333 0.04814814814814815
0 0.59453125 0.09305555555555556 0.0453125 0.06018518518518518
0 0.5638020833333334 0.40694444444444444 0.04114583333333333 0.062037037037037036
0 0.7153645833333333 0.4375 0.049479166666666664 0.06944444444444445
0 0.6567708333333333 0.38796296296296295 0.027083333333333334 0.06666666666666667
0 0.6765625 0.3976851851851852 0.029166666666666667 0.04537037037037037
0 0.6328125 0.38287037037037036 0.059375 0.075
0 0.6010416666666667 0.37546296296296294 0.09895833333333333 0.12314814814814815
0 0.7213541666666666 0.9384259259259259 0.036458333333333336 0.05277777777777778
0 0.6927083333333334 0.7662037037037037 0.09583333333333334 0.14444444444444443
0 0.7145833333333333 0.737037037037037 0.03854166666666667 0.05
0 0.5200520833333333 0.6148148148148148 0.0203125 0.05185185185185185
0 0.47578125 0.5578703703703703 0.028645833333333332 0.041666666666666664
0 0.4552083333333333 0.49537037037037035 0.046875 0.03888888888888889
0 0.6748697916666667 0.5824074074074074 0.05130208333333333 0.14351851851851852
0 0.51328125 0.774074074074074 0.0484375 0.09444444444444444
0 0.6768229166666667 0.3074074074074074 0.027604166666666666 0.04814814814814815
0 0.7721354166666666 0.23703703703703705 0.022395833333333334 0.03518518518518519
0 0.9059895833333333 0.2662037037037037 0.0578125 0.07685185185185185
0 0.9674479166666666 0.28055555555555556 0.033854166666666664 0.05555555555555555
0 0.95546875 0.36018518518518516 0.0890625 0.1
0 0.9684895833333333 0.32685185185185184 0.059895833333333336 0.06296296296296296
0 0.80234375 0.5814814814814815 0.027604166666666666 0.08333333333333333
0 0.8520833333333333 0.6319444444444444 0.04895833333333333 0.08796296296296297
0 0.8231770833333333 0.6305555555555555 0.0203125 0.07592592592592592
0 0.8080729166666667 0.6199074074074075 0.016145833333333335 0.05277777777777778
0 0.8966145833333333 0.9087962962962963 0.027604166666666666 0.058333333333333334
0 0.6723958333333333 0.2162037037037037 0.029166666666666667 0.05092592592592592
0 0.63046875 0.23935185185185184 0.024479166666666666 0.030555555555555555
0 0.6265625 0.26805555555555555 0.03854166666666667 0.049074074074074076
0 0.6221354166666667 0.18981481481481483 0.03802083333333333 0.04814814814814815
0 0.70546875 0.11157407407407408 0.033854166666666664 0.04722222222222222
0 0.6596354166666667 0.0625 0.04114583333333333 0.058333333333333334
0 0.6059895833333333 0.03657407407407407 0.030729166666666665 0.06018518518518518
0 0.7729166666666667 0.10972222222222222 0.071875 0.08796296296296297
0 0.79921875 0.13148148148148148 0.030729166666666665 0.05
0 0.8419270833333333 0.09675925925925925 0.0453125 0.06018518518518518
0 0.8609375 0.14351851851851852 0.05 0.06666666666666667
0 0.8877604166666667 0.09675925925925925 0.0484375 0.08055555555555556
