0 0.3106770833333333 0.27708333333333335 0.058333333333333334 0.09490740740740741
0 0.337890625 0.33958333333333335 0.022135416666666668 0.08194444444444444
0 0.3087239583333333 0.4083333333333333 0.06848958333333334 0.0712962962962963
0 0.28815104166666666 0.4638888888888889 0.08255208333333333 0.06666666666666667
0 0.23203125 0.46805555555555556 0.03697916666666667 0.053703703703703705
0 0.22005208333333334 0.500462962962963 0.0375 0.03981481481481482
0 0.19453125 0.41898148148148145 0.03802083333333333 0.07037037037037037
0 0.261328125 0.3284722222222222 0.03671875 0.06712962962962964
0 0.19388020833333333 0.2902777777777778 0.06796875 0.09444444444444444
0 0.17330729166666667 0.15347222222222223 0.09557291666666666 0.08194444444444444
0 0.15703125 0.09861111111111111 0.06302083333333333 0.10462962962962963
0 0.07005208333333333 0.15185185185185185 0.0734375 0.08333333333333333
0 0.022135416666666668 0.20625 0.044270833333333336 0.08935185185185185
0 0.08229166666666667 0.23703703703703705 0.08802083333333334 0.08888888888888889
0 0.13528645833333333 0.24837962962962962 0.06276041666666667 0.08194444444444444
0 0.09388020833333334 0.2949074074074074 0.07213541666666666 0.07314814814814814
0 0.030078125 0.3013888888888889 0.06015625 0.09351851851851851
0 0.10130208333333333 0.37222222222222223 0.06354166666666666 0.08055555555555556
0 0.044270833333333336 0.3770833333333333 0.06354166666666666 0.08472222222222223
0 0.021744791666666666 0.4201388888888889 0.04348958333333333 0.09305555555555556
0 0.042708333333333334 0.4395833333333333 0.05364583333333333 0.07361111111111111
0 0.07825520833333334 0.46828703703703706 0.06640625 0.06898148148148148
0 0.12630208333333334 0.4671296296296296 0.04583333333333333 0.058333333333333334
0 0.1734375 0.35300925925925924 0.0765625 0.08009259259259259
0 0.153125 0.43333333333333335 0.059895833333333336 0.08703703703703704
0 0.44752604166666665 0.3159722222222222 0.047135416666666666 0.09768518518518518
0 0.5028645833333333 0.3365740740740741 0.07864583333333333 0.08888888888888889
0 0.43971354166666665 0.4078703703703704 0.05286458333333333 0.09814814814814815
0 0.4796875 0.3974537037037037 0.05260416666666667 0.0875
0 0.46184895833333334 0.4738425925925926 0.04869791666666667 0.08287037037037037
0 0.5061197916666667 0.46412037037037035 0.05234375 0.07546296296296297
0 0.56953125 0.41875 0.0609375 0.09490740740740741
0 0.6110677083333333 0.41712962962962963 0.04244791666666667 0.08055555555555556
0 0.678125 0.4097222222222222 0.08489583333333334 0.11574074074074074
0 0.6407552083333333 0.3247685185185185 0.05807291666666667 0.1162037037037037
0 0.599609375 0.2671296296296296 0.04401041666666667 0.08425925925925926
0 0.6963541666666667 0.17060185185185187 0.042708333333333334 0.10972222222222222
0 0.8201822916666667 0.07314814814814814 0.10338541666666666 0.13333333333333333
0 0.7717447916666667 0.22939814814814816 0.04609375 0.09768518518518518
0 0.755078125 0.3013888888888889 0.05703125 0.11666666666666667
0 0.8561197916666666 0.20972222222222223 0.05078125 0.1
0 0.9388020833333334 0.12638888888888888 0.12239583333333333 0.13148148148148148
0 0.9436197916666667 0.22268518518518518 0.10546875 0.11481481481481481
0 0.9028645833333333 0.3076388888888889 0.09010416666666667 0.10231481481481482
0 0.78671875 0.8472222222222222 0.20364583333333333 0.18703703703703703
0 0.8018229166666667 0.35648148148148145 0.028645833333333332 0.06296296296296296
0 0.77734375 0.37453703703703706 0.025520833333333333 0.04537037037037037
0 0.5276041666666667 0.362962962962963 0.03958333333333333 0.06296296296296296
0 0.4546875 0.27546296296296297 0.036458333333333336 0.06944444444444445
0 0.26875 0.49212962962962964 0.059375 0.04351851851851852
0 0.28567708333333336 0.23425925925925925 0.005729166666666666 0.003703703703703704
0 0.2203125 0.42962962962962964 0.022916666666666665 0.04814814814814815
0 0.08828125 0.18796296296296297 0.049479166666666664 0.05
0 0.14557291666666666 0.49722222222222223 0.03802083333333333 0.04259259259259259
0 0.04192708333333333 0.49722222222222223 0.0328125 0.040740740740740744
0 0.0234375 0.4703703703703704 0.0375 0.05740740740740741
