0 0.8609375 0.7446759259259259 0.1625 0.20879629629629629
0 0.8421875 0.6791666666666667 0.15625 0.17685185185185184
0 0.8669270833333333 0.5418981481481482 0.065625 0.11990740740740741
0 0.973828125 0.7525462962962963 0.04765625 0.08287037037037037
0 0.5514322916666666 0.36226851851851855 0.15494791666666666 0.09675925925925925
0 0.728515625 0.2641203703703704 0.048177083333333336 0.07824074074074074
0 0.48541666666666666 0.44212962962962965 0.0203125 0.1259259259259259
0 0.43268229166666666 0.3560185185185185 0.026822916666666665 0.07037037037037037
0 0.233984375 0.6675925925925926 0.12369791666666667 0.12222222222222222
0 0.13723958333333333 0.17569444444444443 0.0609375 0.09305555555555556
0 0.24453125 0.26851851851851855 0.06510416666666667 0.07777777777777778
0 0.34466145833333334 0.34652777777777777 0.06328125 0.11157407407407408
0 0.33515625 0.10949074074074074 0.09583333333333334 0.11527777777777778
0 0.14947916666666666 0.038425925925925926 0.06145833333333333 0.04537037037037037
