0 0.8473958333333333 0.3752314814814815 0.052083333333333336 0.03194444444444444
0 0.8208333333333333 0.3525462962962963 0.03958333333333333 0.02638888888888889
0 0.80625 0.375 0.034895833333333334 0.025925925925925925
0 0.6740885416666667 0.480787037037037 0.055989583333333336 0.03935185185185185
0 0.6647135416666666 0.5451388888888888 0.03984375 0.03287037037037037
0 0.71875 0.5664351851851852 0.028125 0.038425925925925926
0 0.5192708333333333 0.5706018518518519 0.043229166666666666 0.08194444444444444
0 0.5369791666666667 0.46875 0.0421875 0.03564814814814815
0 0.5274739583333333 0.4375 0.04765625 0.046296296296296294
0 0.39283854166666665 0.45925925925925926 0.05963541666666667 0.05092592592592592
0 0.44296875 0.40046296296296297 0.07083333333333333 0.06666666666666667
0 0.46015625 0.46574074074074073 0.0234375 0.024074074074074074
0 0.44921875 0.5560185185185185 0.027604166666666666 0.05092592592592592
0 0.9565104166666667 0.3287037037037037 0.027083333333333334 0.02962962962962963
0 0.9770833333333333 0.37453703703703706 0.004166666666666667 0.004629629629629629
0 0.9868489583333333 0.3738425925925926 0.026302083333333334 0.038425925925925926
0 0.31953125 0.6710648148148148 0.0390625 0.03009259259259259
0 0.42747395833333335 0.7138888888888889 0.02421875 0.04814814814814815
0 0.38307291666666665 0.6592592592592592 0.028645833333333332 0.02962962962962963
0 0.076953125 0.6293981481481481 0.09296875 0.04398148148148148
0 0.269140625 0.4564814814814815 0.022135416666666668 0.03796296296296296
0 0.16510416666666666 0.48217592592592595 0.027604166666666666 0.027314814814814816
0 0.12252604166666667 0.5456018518518518 0.026302083333333334 0.033796296296296297
0 0.09361979166666666 0.517824074074074 0.026822916666666665 0.033796296296296297
0 0.35963541666666665 0.47129629629629627 0.0140625 0.022222222222222223
0 0.9239583333333333 0.33796296296296297 0.013541666666666667 0.018518518518518517
0 0.9888020833333333 0.6453703703703704 0.0171875 0.018518518518518517
0 0.41744791666666664 0.812962962962963 0.03802083333333333 0.03333333333333333
