0 0.027864583333333335 0.34814814814814815 0.05572916666666667 0.04722222222222222
0 0.13098958333333333 0.3599537037037037 0.06927083333333334 0.038425925925925926
0 0.16302083333333334 0.3625 0.04791666666666667 0.04259259259259259
0 0.19713541666666667 0.33125 0.07760416666666667 0.034722222222222224
0 0.268359375 0.37453703703703706 0.06796875 0.03333333333333333
0 0.14518229166666666 0.41805555555555557 0.03984375 0.030555555555555555
0 0.21263020833333332 0.47152777777777777 0.04140625 0.024537037037037038
0 0.220703125 0.43125 0.040364583333333336 0.029166666666666667
0 0.235546875 0.41388888888888886 0.038802083333333334 0.027777777777777776
0 0.25859375 0.43495370370370373 0.034895833333333334 0.024537037037037038
0 0.28294270833333335 0.42291666666666666 0.03411458333333333 0.02361111111111111
0 0.29661458333333335 0.4710648148148148 0.0390625 0.03194444444444444
0 0.344921875 0.4842592592592593 0.04765625 0.05
0 0.3893229166666667 0.4826388888888889 0.025520833333333333 0.024537037037037038
0 0.4328125 0.48032407407407407 0.04739583333333333 0.07916666666666666
0 0.45364583333333336 0.3900462962962963 0.06927083333333334 0.038425925925925926
0 0.5940104166666667 0.3803240740740741 0.0578125 0.05138888888888889
0 0.6690104166666667 0.37453703703703706 0.057291666666666664 0.04351851851851852
0 0.6518229166666667 0.4335648148148148 0.043229166666666666 0.03009259259259259
0 0.6713541666666667 0.42592592592592593 0.03229166666666667 0.03148148148148148
0 0.626953125 0.425 0.04348958333333333 0.05092592592592592
0 0.6669270833333333 0.46435185185185185 0.0265625 0.03981481481481482
0 0.7393229166666667 0.41226851851851853 0.03802083333333333 0.047685185185185185
0 0.77890625 0.40208333333333335 0.05 0.052314814814814814
0 0.8569010416666667 0.42268518518518516 0.06901041666666667 0.05277777777777778
0 0.8125 0.45740740740740743 0.071875 0.05092592592592592
0 0.7342447916666667 0.46805555555555556 0.040364583333333336 0.041666666666666664
0 0.53359375 0.39537037037037037 0.04895833333333333 0.03981481481481482
0 0.48671875 0.4324074074074074 0.027604166666666666 0.03148148148148148
0 0.8490885416666667 0.4949074074074074 0.03984375 0.03888888888888889
0 0.8829427083333333 0.4849537037037037 0.05026041666666667 0.03287037037037037
0 0.9053385416666667 0.524074074074074 0.054947916666666666 0.040740740740740744
0 0.911328125 0.5050925925925925 0.05286458333333333 0.040740740740740744
0 0.764453125 0.4648148148148148 0.03203125 0.03518518518518519
0 0.3697916666666667 0.4930555555555556 0.025 0.028703703703703703
0 0.40598958333333335 0.449537037037037 0.0359375 0.026851851851851852
0 0.31875 0.3662037037037037 0.0375 0.04722222222222222
0 0.5205729166666667 0.475462962962963 0.0296875 0.05462962962962963
0 0.48515625 0.5273148148148148 0.034895833333333334 0.030555555555555555
0 0.5869791666666667 0.42592592592592593 0.03854166666666667 0.04814814814814815
0 0.59140625 0.3527777777777778 0.06614583333333333 0.04814814814814815
0 0.71796875 0.43425925925925923 0.0484375 0.046296296296296294
0 0.74453125 0.4976851851851852 0.058854166666666666 0.03796296296296296
