0 0.6001302083333333 0.1960648148148148 0.07057291666666667 0.05694444444444444
0 0.6907552083333334 0.10717592592592592 0.01640625 0.02175925925925926
0 0.543359375 0.11412037037037037 0.016927083333333332 0.022685185185185187
0 0.457421875 0.13518518518518519 0.011197916666666667 0.027777777777777776
0 0.40481770833333336 0.06921296296296296 0.02890625 0.02546296296296296
0 0.32317708333333334 0.12523148148148147 0.026041666666666668 0.02824074074074074
0 0.3296875 0.18171296296296297 0.0078125 0.018055555555555554
0 0.36302083333333335 0.1599537037037037 0.013020833333333334 0.018055555555555554
0 0.90703125 0.2222222222222222 0.022395833333333334 0.037037037037037035
0 0.17083333333333334 0.13078703703703703 0.013541666666666667 0.022685185185185187
0 0.251171875 0.05856481481481481 0.012760416666666666 0.02546296296296296
0 0.22994791666666667 0.08078703703703703 0.013541666666666667 0.024537037037037038
0 0.05677083333333333 0.0787037037037037 0.011458333333333333 0.017592592592592594
0 0.16236979166666668 0.07546296296296297 0.01328125 0.020370370370370372
0 0.871875 0.8912037037037037 0.043229166666666666 0.07314814814814814
0 0.3625 0.2 0.008333333333333333 0.025925925925925925
0 0.23541666666666666 0.18333333333333332 0.014583333333333334 0.014814814814814815
0 0.21119791666666668 0.3912037037037037 0.09947916666666666 0.049074074074074076
0 0.075 0.21157407407407408 0.04479166666666667 0.05092592592592592
0 0.00625 0.19537037037037036 0.0125 0.027777777777777776
