0 0.19205729166666666 0.9314814814814815 0.20703125 0.13703703703703704
0 0.32981770833333335 0.5516203703703704 0.04192708333333333 0.06435185185185185
0 0.6825520833333333 0.6685185185185185 0.06302083333333333 0.06296296296296296
0 0.78203125 0.6858796296296297 0.03697916666666667 0.06805555555555555
0 0.46875 0.45810185185185187 0.0109375 0.01990740740740741
0 0.49361979166666664 0.4546296296296296 0.011197916666666667 0.013888888888888888
0 0.4322916666666667 0.4736111111111111 0.008333333333333333 0.008333333333333333
0 0.3450520833333333 0.5162037037037037 0.0078125 0.013888888888888888
0 0.30703125 0.5486111111111112 0.008854166666666666 0.021296296296296296
0 0.4049479166666667 0.48009259259259257 0.0046875 0.012037037037037037
0 0.23046875 0.5726851851851852 0.0078125 0.013888888888888888
0 0.22604166666666667 0.6125 0.004166666666666667 0.013888888888888888
0 0.240625 0.6416666666666667 0.011458333333333333 0.014814814814814815
0 0.425 0.5652777777777778 0.00625 0.019444444444444445
