0 0.04596354166666667 0.18981481481481483 0.062239583333333334 0.037037037037037035
0 0.03125 0.15138888888888888 0.036458333333333336 0.021296296296296296
0 0.04778645833333333 0.13333333333333333 0.04401041666666667 0.023148148148148147
0 0.07278645833333333 0.10810185185185185 0.028385416666666666 0.02361111111111111
0 0.11484375 0.08958333333333333 0.0265625 0.031018518518518518
0 0.10859375 0.12268518518518519 0.029166666666666667 0.025925925925925925
0 0.097265625 0.175 0.03307291666666667 0.03425925925925926
0 0.162109375 0.15462962962962962 0.038802083333333334 0.025925925925925925
0 0.19544270833333333 0.19212962962962962 0.045572916666666664 0.028703703703703703
0 0.20182291666666666 0.2050925925925926 0.03802083333333333 0.030555555555555555
0 0.23138020833333334 0.21597222222222223 0.030989583333333334 0.03287037037037037
0 0.23880208333333333 0.13796296296296295 0.035416666666666666 0.021296296296296296
0 0.2649739583333333 0.16180555555555556 0.040364583333333336 0.02638888888888889
0 0.275 0.18287037037037038 0.036458333333333336 0.021296296296296296
0 0.29322916666666665 0.19652777777777777 0.030729166666666665 0.02361111111111111
0 0.31783854166666664 0.1553240740740741 0.037760416666666664 0.03657407407407407
0 0.3333333333333333 0.16967592592592592 0.0671875 0.03657407407407407
0 0.31861979166666665 0.1087962962962963 0.038802083333333334 0.03981481481481482
0 0.3690104166666667 0.15925925925925927 0.029166666666666667 0.024074074074074074
0 0.35625 0.14375 0.026041666666666668 0.027314814814814816
0 0.39205729166666664 0.0824074074074074 0.029947916666666668 0.023148148148148147
0 0.04700520833333333 0.2851851851851852 0.015364583333333333 0.04351851851851852
0 0.17473958333333334 0.24861111111111112 0.013541666666666667 0.05
0 0.18828125 0.3085648148148148 0.04114583333333333 0.0375
0 0.24973958333333332 0.3071759259259259 0.0328125 0.04027777777777778
0 0.22734375 0.25 0.04114583333333333 0.046296296296296294
0 0.30859375 0.2763888888888889 0.0359375 0.028703703703703703
0 0.3365885416666667 0.22777777777777777 0.03828125 0.027777777777777776
0 0.34427083333333336 0.21851851851851853 0.04583333333333333 0.03148148148148148
0 0.37838541666666664 0.37800925925925927 0.04479166666666667 0.029166666666666667
0 0.3875 0.35694444444444445 0.0484375 0.02962962962962963
0 0.44427083333333334 0.40555555555555556 0.06145833333333333 0.05185185185185185
0 0.41432291666666665 0.2898148148148148 0.0578125 0.03796296296296296
0 0.44192708333333336 0.24606481481481482 0.04791666666666667 0.033796296296296297
0 0.47408854166666664 0.15833333333333333 0.048177083333333336 0.040740740740740744
0 0.4947916666666667 0.3458333333333333 0.08229166666666667 0.03611111111111111
0 0.4828125 0.2914351851851852 0.0609375 0.04675925925925926
0 0.5428385416666667 0.29467592592592595 0.05859375 0.04490740740740741
0 0.5544270833333333 0.23703703703703705 0.04375 0.03518518518518519
0 0.5434895833333333 0.21666666666666667 0.033854166666666664 0.044444444444444446
0 0.6049479166666667 0.3527777777777778 0.053125 0.03888888888888889
0 0.6221354166666667 0.2724537037037037 0.0546875 0.0375
0 0.650390625 0.24583333333333332 0.06953125 0.04722222222222222
0 0.6078125 0.19745370370370371 0.06666666666666667 0.03935185185185185
0 0.67109375 0.09560185185185185 0.05677083333333333 0.06157407407407407
0 0.738671875 0.12546296296296297 0.05286458333333333 0.03518518518518519
0 0.7419270833333333 0.06273148148148149 0.06979166666666667 0.04490740740740741
0 0.8828125 0.08564814814814815 0.08125 0.06018518518518518
0 0.8057291666666667 0.2708333333333333 0.071875 0.05
0 0.946484375 0.2835648148148148 0.10703125 0.08935185185185185
0 0.58671875 0.025694444444444443 0.059895833333333336 0.04398148148148148
0 0.65234375 0.014814814814814815 0.04739583333333333 0.02962962962962963
0 0.8375 0.010185185185185186 0.06041666666666667 0.020370370370370372
0 0.07903645833333334 0.8662037037037037 0.06536458333333334 0.14907407407407408
0 0.07643229166666667 0.7030092592592593 0.09713541666666667 0.08287037037037037
0 0.32395833333333335 0.09722222222222222 0.026041666666666668 0.025925925925925925
0 0.49114583333333334 0.2986111111111111 0.053125 0.030555555555555555
0 0.43125 0.2708333333333333 0.058333333333333334 0.026851851851851852
0 0.27239583333333334 0.14074074074074075 0.025 0.025925925925925925
0 0.18776041666666668 0.9462962962962963 0.0328125 0.05555555555555555
0 0.1984375 0.9657407407407408 0.041666666666666664 0.05925925925925926
