0 0.211328125 0.7606481481481482 0.026822916666666665 0.032407407407407406
0 0.12330729166666667 0.8060185185185185 0.07473958333333333 0.04259259259259259
0 0.8701822916666667 0.7488425925925926 0.05130208333333333 0.050462962962962966
0 0.8885416666666667 0.7518518518518519 0.040625 0.04259259259259259
0 0.7438802083333333 0.5655092592592592 0.05755208333333333 0.07268518518518519
0 0.978515625 0.39143518518518516 0.04296875 0.034722222222222224
0 0.549609375 0.6488425925925926 0.23151041666666666 0.14305555555555555
0 0.5236979166666667 0.5247685185185185 0.014583333333333334 0.022685185185185187
0 0.6947916666666667 0.6988425925925926 0.03958333333333333 0.11435185185185186
0 0.19973958333333333 0.2671296296296296 0.018229166666666668 0.032407407407407406
0 0.52890625 0.19907407407407407 0.013020833333333334 0.024074074074074074
0 0.9356770833333333 0.48148148148148145 0.03177083333333333 0.03148148148148148
