0 0.32005208333333335 0.3578703703703704 0.057291666666666664 0.05925925925925926
0 0.41888020833333334 0.32893518518518516 0.08515625 0.08101851851851852
0 0.3697916666666667 0.4275462962962963 0.05625 0.05138888888888889
0 0.33880208333333334 0.4284722222222222 0.0390625 0.052314814814814814
0 0.33893229166666666 0.46828703703703706 0.05286458333333333 0.06157407407407407
0 0.34674479166666666 0.537962962962963 0.037760416666666664 0.053703703703703705
0 0.502734375 0.3611111111111111 0.03671875 0.075
0 0.5143229166666666 0.4270833333333333 0.021875 0.03564814814814815
0 0.55859375 0.3731481481481482 0.0296875 0.08333333333333333
0 0.5234375 0.45810185185185187 0.06614583333333333 0.047685185185185185
0 0.54765625 0.4981481481481482 0.030729166666666665 0.03518518518518519
0 0.5661458333333333 0.475 0.07864583333333333 0.13425925925925927
0 0.6135416666666667 0.4726851851851852 0.04010416666666667 0.058333333333333334
0 0.6401041666666667 0.5002314814814814 0.04791666666666667 0.04583333333333333
0 0.5161458333333333 0.5321759259259259 0.0484375 0.08472222222222223
0 0.462109375 0.5650462962962963 0.07057291666666667 0.07916666666666666
0 0.47265625 0.5837962962962963 0.06614583333333333 0.06944444444444445
0 0.52578125 0.59375 0.08020833333333334 0.08935185185185185
0 0.6217447916666666 0.5534722222222223 0.07213541666666666 0.06342592592592593
0 0.60390625 0.587037037037037 0.043229166666666666 0.025925925925925925
0 0.3014322916666667 0.68125 0.05286458333333333 0.09305555555555556
0 0.40325520833333334 0.631712962962963 0.08255208333333333 0.09305555555555556
0 0.485546875 0.6590277777777778 0.06380208333333333 0.06157407407407407
0 0.6153645833333333 0.7261574074074074 0.04635416666666667 0.0412037037037037
0 0.6192708333333333 0.6861111111111111 0.058333333333333334 0.06759259259259259
0 0.6661458333333333 0.7418981481481481 0.0703125 0.059722222222222225
0 0.7947916666666667 0.7148148148148148 0.06614583333333333 0.09074074074074075
0 0.6634114583333334 0.44930555555555557 0.05390625 0.05694444444444444
0 0.7830729166666667 0.5192129629629629 0.07083333333333333 0.08101851851851852
0 0.86328125 0.46319444444444446 0.06510416666666667 0.060648148148148145
0 0.86484375 0.5259259259259259 0.09479166666666666 0.08333333333333333
0 0.7938802083333333 0.44074074074074077 0.03046875 0.044444444444444446
0 0.8192708333333333 0.4351851851851852 0.022916666666666665 0.041666666666666664
0 0.9627604166666667 0.4636574074074074 0.022395833333333334 0.047685185185185185
0 0.7095052083333333 0.8444444444444444 0.05078125 0.046296296296296294
0 0.8684895833333334 0.3849537037037037 0.029166666666666667 0.03657407407407407
0 0.9046875 0.34074074074074073 0.06145833333333333 0.06759259259259259
0 0.9119791666666667 0.4324074074074074 0.011458333333333333 0.03148148148148148
0 0.9934895833333334 0.3726851851851852 0.013020833333333334 0.037037037037037035
0 0.9751302083333333 0.5439814814814815 0.04244791666666667 0.03888888888888889
0 0.026692708333333332 0.9599537037037037 0.053385416666666664 0.08009259259259259
0 0.08372395833333333 0.9576388888888889 0.06901041666666667 0.08101851851851852
0 0.6713541666666667 0.7134259259259259 0.05625 0.041666666666666664
0 0.6223958333333334 0.65 0.06770833333333333 0.06111111111111111
0 0.21692708333333333 0.9703703703703703 0.024479166666666666 0.05740740740740741
0 0.07552083333333333 0.3282407407407407 0.03229166666666667 0.05462962962962963
0 0.33359375 0.6050925925925926 0.03177083333333333 0.05277777777777778
0 0.13880208333333333 0.5023148148148148 0.0140625 0.025
0 0.5536458333333333 0.6810185185185185 0.022916666666666665 0.08611111111111111
0 0.53046875 0.6597222222222222 0.027604166666666666 0.06574074074074074
0 0.9591145833333333 0.4444444444444444 0.0265625 0.03518518518518519
0 0.97578125 0.46805555555555556 0.021354166666666667 0.028703703703703703
0 0.8234375 0.5685185185185185 0.03958333333333333 0.03333333333333333
0 0.6309895833333333 0.7689814814814815 0.0546875 0.06388888888888888
