0 0.28880208333333335 0.07291666666666667 0.07552083333333333 0.04490740740740741
0 0.31809895833333335 0.22939814814814816 0.05234375 0.07361111111111111
0 0.23971354166666667 0.4043981481481482 0.03046875 0.07361111111111111
0 0.11315104166666666 0.6231481481481481 0.05703125 0.053703703703703705
0 0.233203125 0.606712962962963 0.030989583333333334 0.06712962962962964
0 0.203125 0.9282407407407407 0.0703125 0.09814814814814815
0 0.253515625 0.9296296296296296 0.04401041666666667 0.05740740740740741
0 0.36497395833333335 0.8912037037037037 0.023697916666666666 0.05740740740740741
0 0.9037760416666667 0.5268518518518519 0.04401041666666667 0.07407407407407407
0 0.9848958333333333 0.7171296296296297 0.030208333333333334 0.049074074074074076
