0 0.51328125 0.058333333333333334 0.0453125 0.04259259259259259
0 0.1671875 0.3435185185185185 0.06458333333333334 0.08148148148148149
0 0.20703125 0.3685185185185185 0.0328125 0.03888888888888889
0 0.15833333333333333 0.4013888888888889 0.041666666666666664 0.04722222222222222
0 0.31015625 0.368287037037037 0.028125 0.03657407407407407
0 0.314453125 0.3136574074074074 0.027864583333333335 0.03935185185185185
0 0.31171875 0.2969907407407407 0.10572916666666667 0.0699074074074074
0 0.3953125 0.2569444444444444 0.024479166666666666 0.030555555555555555
0 0.38111979166666665 0.18356481481481482 0.01953125 0.03287037037037037
0 0.464453125 0.3578703703703704 0.03203125 0.05185185185185185
0 0.43515625 0.42314814814814816 0.0453125 0.053703703703703705
0 0.014322916666666666 0.2775462962962963 0.028645833333333332 0.060648148148148145
0 0.054296875 0.28541666666666665 0.04973958333333333 0.04675925925925926
0 0.014583333333333334 0.07777777777777778 0.029166666666666667 0.03888888888888889
0 0.19348958333333333 0.5259259259259259 0.028645833333333332 0.023148148148148147
0 0.24973958333333332 0.5039351851851852 0.03177083333333333 0.05787037037037037
0 0.3346354166666667 0.732175925925926 0.09270833333333334 0.16805555555555557
0 0.3963541666666667 0.8930555555555556 0.13072916666666667 0.10925925925925926
0 0.46341145833333336 0.8 0.09973958333333334 0.10185185185185185
0 0.58984375 0.6754629629629629 0.05260416666666667 0.05925925925925926
0 0.534765625 0.5881944444444445 0.03203125 0.050462962962962966
0 0.48489583333333336 0.51875 0.0203125 0.056018518518518516
0 0.78203125 0.7238425925925925 0.06875 0.04861111111111111
0 0.47565104166666666 0.5898148148148148 0.03671875 0.06388888888888888
0 0.10286458333333333 0.3851851851851852 0.034895833333333334 0.037037037037037035
0 0.5559895833333334 0.6287037037037037 0.008854166666666666 0.02962962962962963
0 0.6690104166666667 0.5611111111111111 0.019270833333333334 0.03333333333333333
0 0.5299479166666666 0.5518518518518518 0.0390625 0.03888888888888889
0 0.28020833333333334 0.3347222222222222 0.013541666666666667 0.028703703703703703
0 0.6065104166666667 0.8569444444444444 0.0484375 0.06759259259259259
0 0.9627604166666667 0.8592592592592593 0.06510416666666667 0.09444444444444444
0 0.8713541666666667 0.850925925925926 0.030208333333333334 0.04814814814814815
