0 0.31888020833333336 0.3891203703703704 0.015885416666666666 0.02638888888888889
0 0.3248697916666667 0.43287037037037035 0.01796875 0.02962962962962963
0 0.34348958333333335 0.45416666666666666 0.011458333333333333 0.030555555555555555
0 0.38776041666666666 0.45578703703703705 0.011979166666666667 0.03564814814814815
0 0.13528645833333333 0.4409722222222222 0.03984375 0.043055555555555555
0 0.54765625 0.48726851851851855 0.042708333333333334 0.0375
0 0.29140625 0.8134259259259259 0.05364583333333333 0.06574074074074074
0 0.31536458333333334 0.7430555555555556 0.03802083333333333 0.032407407407407406
0 0.2640625 0.6583333333333333 0.030208333333333334 0.046296296296296294
0 0.31328125 0.6277777777777778 0.022395833333333334 0.037037037037037035
0 0.7375 0.6953703703703704 0.023958333333333335 0.03148148148148148
0 0.4864583333333333 0.9041666666666667 0.053125 0.0712962962962963
0 0.16458333333333333 0.711574074074074 0.020833333333333332 0.030555555555555555
0 0.8204427083333333 0.4738425925925926 0.009114583333333334 0.015277777777777777
0 0.8828125 0.5263888888888889 0.017708333333333333 0.023148148148148147
0 0.5002604166666667 0.4449074074074074 0.0140625 0.017592592592592594
