0 0.134765625 0.35671296296296295 0.04348958333333333 0.07453703703703704
0 0.030078125 0.45717592592592593 0.06015625 0.052314814814814814
0 0.184375 0.45740740740740743 0.020833333333333332 0.030555555555555555
0 0.26861979166666666 0.46435185185185185 0.026302083333333334 0.025
0 0.17916666666666667 0.23842592592592593 0.04791666666666667 0.1259259259259259
0 0.275 0.059953703703703703 0.22604166666666667 0.11990740740740741
0 0.314453125 0.3803240740740741 0.13255208333333332 0.15324074074074073
0 0.2994791666666667 0.24074074074074073 0.10052083333333334 0.22314814814814815
0 0.39479166666666665 0.3050925925925926 0.058333333333333334 0.3277777777777778
0 0.45625 0.4375 0.11614583333333334 0.10277777777777777
0 0.4856770833333333 0.4613425925925926 0.10833333333333334 0.10694444444444444
0 0.488671875 0.3592592592592593 0.17838541666666666 0.12777777777777777
0 0.7809895833333333 0.12962962962962962 0.0875 0.0787037037037037
0 0.9010416666666666 0.10231481481481482 0.19791666666666666 0.1824074074074074
0 0.96484375 0.24513888888888888 0.0703125 0.11712962962962963
0 0.16380208333333332 0.4962962962962963 0.05572916666666667 0.03518518518518519
0 0.8559895833333333 0.31805555555555554 0.021354166666666667 0.05462962962962963
