0 0.12005208333333334 0.2986111111111111 0.0265625 0.018518518518518517
0 0.051432291666666664 0.34282407407407406 0.026822916666666665 0.02175925925925926
0 0.203125 0.22523148148148148 0.028125 0.024537037037037038
0 0.00703125 0.225 0.0140625 0.016666666666666666
0 0.10234375 0.16435185185185186 0.009895833333333333 0.01574074074074074
0 0.627734375 0.13703703703703704 0.040364583333333336 0.03518518518518519
0 0.86953125 0.4439814814814815 0.019270833333333334 0.032407407407407406
0 0.88515625 0.42407407407407405 0.016145833333333335 0.03518518518518519
0 0.9055989583333334 0.20902777777777778 0.017447916666666667 0.03194444444444444
0 0.91171875 0.1726851851851852 0.009895833333333333 0.013888888888888888
0 0.46171875 0.23796296296296296 0.05677083333333333 0.07962962962962963
0 0.5489583333333333 0.1912037037037037 0.023958333333333335 0.032407407407407406
0 0.08541666666666667 0.1814814814814815 0.051041666666666666 0.05185185185185185
