0 0.6861979166666666 0.43472222222222223 0.1015625 0.08425925925925926
0 0.7854166666666667 0.4289351851851852 0.07291666666666667 0.08657407407407407
0 0.911328125 0.46921296296296294 0.046614583333333334 0.056018518518518516
0 0.6971354166666667 0.3247685185185185 0.0265625 0.031018518518518518
0 0.6045572916666667 0.29976851851851855 0.04453125 0.055092592592592596
0 0.7244791666666667 0.19745370370370371 0.019270833333333334 0.03194444444444444
0 0.9209635416666667 0.23587962962962963 0.021614583333333333 0.022685185185185187
0 0.7225260416666667 0.15208333333333332 0.01328125 0.02361111111111111
0 0.6833333333333333 0.20185185185185187 0.0125 0.02962962962962963
0 0.6549479166666666 0.24166666666666667 0.016666666666666666 0.025
0 0.7576822916666667 0.36412037037037037 0.026822916666666665 0.0412037037037037
0 0.9565104166666667 0.4949074074074074 0.021354166666666667 0.04722222222222222
0 0.28567708333333336 0.2212962962962963 0.011979166666666667 0.020370370370370372
0 0.19986979166666666 0.17453703703703705 0.012760416666666666 0.021296296296296296
0 0.298046875 0.12013888888888889 0.009114583333333334 0.01990740740740741
0 0.08098958333333334 0.22152777777777777 0.010416666666666666 0.01990740740740741
0 0.012760416666666666 0.13958333333333334 0.011979166666666667 0.02361111111111111
0 0.1171875 0.18564814814814815 0.004166666666666667 0.013888888888888888
0 0.98203125 0.8393518518518519 0.0359375 0.11944444444444445
0 0.415625 0.5837962962962963 0.11770833333333333 0.11018518518518519
0 0.075 0.45694444444444443 0.026041666666666668 0.032407407407407406
0 0.12395833333333334 0.1884259259259259 0.011458333333333333 0.030555555555555555
0 0.22447916666666667 0.13148148148148148 0.00625 0.014814814814814815
0 0.2421875 0.14351851851851852 0.007291666666666667 0.014814814814814815
0 0.4296875 0.04537037037037037 0.035416666666666666 0.03518518518518519
0 0.4546875 0.1486111111111111 0.008333333333333333 0.017592592592592594
0 0.28489583333333335 0.049074074074074076 0.017708333333333333 0.020370370370370372
0 0.30859375 0.14166666666666666 0.005729166666666666 0.016666666666666666
0 0.3921875 0.17222222222222222 0.007291666666666667 0.016666666666666666
0 0.4005208333333333 0.16805555555555557 0.00625 0.013888888888888888
0 0.85 0.26990740740740743 0.008333333333333333 0.010185185185185186
0 0.8197916666666667 0.25601851851851853 0.010416666666666666 0.013888888888888888
0 0.775 0.18703703703703703 0.010416666666666666 0.012962962962962963
0 0.48828125 0.4740740740740741 0.0390625 0.07037037037037037
0 0.4041666666666667 0.4013888888888889 0.053125 0.058333333333333334
0 0.44895833333333335 0.4166666666666667 0.04791666666666667 0.05185185185185185
0 0.5684895833333333 0.3490740740740741 0.0109375 0.025925925925925925
0 0.4625 0.300462962962963 0.014583333333333334 0.030555555555555555
