0 0.007421875 0.4847222222222222 0.01484375 0.03611111111111111
0 0.065234375 0.4462962962962963 0.018489583333333334 0.02962962962962963
0 0.09309895833333333 0.44537037037037036 0.015885416666666666 0.027777777777777776
0 0.11861979166666667 0.43819444444444444 0.016927083333333332 0.03287037037037037
0 0.12213541666666666 0.475 0.0234375 0.025925925925925925
0 0.15299479166666666 0.4773148148148148 0.020572916666666666 0.025
0 0.14505208333333333 0.44166666666666665 0.021875 0.028703703703703703
0 0.14713541666666666 0.42824074074074076 0.0171875 0.017592592592592594
0 0.19778645833333333 0.42268518518518516 0.020572916666666666 0.02962962962962963
0 0.22578125 0.45787037037037037 0.019791666666666666 0.024074074074074074
0 0.22981770833333334 0.4428240740740741 0.014322916666666666 0.02175925925925926
0 0.24544270833333334 0.45902777777777776 0.01953125 0.033796296296296297
0 0.25559895833333335 0.42060185185185184 0.017447916666666667 0.02361111111111111
0 0.2970052083333333 0.43657407407407406 0.04088541666666667 0.028703703703703703
0 0.33763020833333335 0.4356481481481482 0.02578125 0.022222222222222223
0 0.349609375 0.4074074074074074 0.020572916666666666 0.028703703703703703
0 0.37421875 0.4324074074074074 0.0203125 0.024074074074074074
0 0.36276041666666664 0.4212962962962963 0.024479166666666666 0.022222222222222223
0 0.5610677083333333 0.38842592592592595 0.02109375 0.026851851851851852
0 0.5765625 0.4111111111111111 0.0203125 0.026851851851851852
0 0.5923177083333333 0.39652777777777776 0.020052083333333335 0.020833333333333332
0 0.51171875 0.4532407407407407 0.0296875 0.028703703703703703
0 0.5536458333333333 0.487962962962963 0.058333333333333334 0.06296296296296296
0 0.6205729166666667 0.45046296296296295 0.04791666666666667 0.032407407407407406
0 0.60703125 0.368287037037037 0.025 0.029166666666666667
0 0.49583333333333335 0.38333333333333336 0.04375 0.03148148148148148
0 0.5510416666666667 0.3685185185185185 0.034375 0.02962962962962963
0 0.68984375 0.3988425925925926 0.044270833333333336 0.043055555555555555
0 0.64375 0.3541666666666667 0.0375 0.026851851851851852
0 0.6302083333333334 0.4217592592592593 0.03854166666666667 0.023148148148148147
0 0.6888020833333334 0.4444444444444444 0.04635416666666667 0.037037037037037035
0 0.7358072916666667 0.37569444444444444 0.048177083333333336 0.04212962962962963
0 0.7346354166666667 0.3648148148148148 0.04739583333333333 0.024074074074074074
0 0.7908854166666667 0.33912037037037035 0.04895833333333333 0.034722222222222224
0 0.9005208333333333 0.31342592592592594 0.06614583333333333 0.05092592592592592
0 0.868359375 0.2965277777777778 0.054427083333333334 0.04490740740740741
0 0.2765625 0.48009259259259257 0.017708333333333333 0.03425925925925926
0 0.4557291666666667 0.44212962962962965 0.026041666666666668 0.04537037037037037
0 0.43255208333333334 0.42685185185185187 0.0140625 0.020370370370370372
0 0.8317708333333333 0.3472222222222222 0.041666666666666664 0.037037037037037035
0 0.86328125 0.44675925925925924 0.0015625 0.006481481481481481
0 0.6309895833333333 0.38472222222222224 0.0296875 0.05092592592592592
