0 0.022395833333333334 0.4027777777777778 0.04479166666666667 0.037037037037037035
0 0.053385416666666664 0.44814814814814813 0.10677083333333333 0.07962962962962963
0 0.06158854166666667 0.5377314814814815 0.03463541666666667 0.03935185185185185
0 0.17174479166666667 0.5217592592592593 0.04348958333333333 0.049074074074074076
0 0.26705729166666664 0.5203703703703704 0.13671875 0.1111111111111111
0 0.2604166666666667 0.6055555555555555 0.08333333333333333 0.05555555555555555
0 0.1453125 0.6337962962962963 0.08385416666666666 0.06111111111111111
0 0.20325520833333333 0.6550925925925926 0.08776041666666666 0.08611111111111111
0 0.35 0.5756944444444444 0.0734375 0.07361111111111111
0 0.335546875 0.6326388888888889 0.08203125 0.11712962962962963
0 0.357421875 0.6717592592592593 0.08307291666666666 0.12129629629629629
0 0.473828125 0.5358796296296297 0.06640625 0.0875
0 0.375390625 0.7803240740740741 0.06484375 0.11527777777777778
0 0.21901041666666668 0.73125 0.052083333333333336 0.06157407407407407
0 0.5078125 0.6131944444444445 0.05364583333333333 0.04212962962962963
0 0.633203125 0.7368055555555556 0.04088541666666667 0.08009259259259259
0 0.062890625 0.700462962962963 0.02890625 0.06296296296296296
0 0.033984375 0.7548611111111111 0.06796875 0.07083333333333333
0 0.08567708333333333 0.7738425925925926 0.0546875 0.0699074074074074
0 0.0359375 0.8458333333333333 0.06510416666666667 0.07777777777777778
0 0.07395833333333333 0.8430555555555556 0.03229166666666667 0.08055555555555556
0 0.11041666666666666 0.8372685185185185 0.06510416666666667 0.06435185185185185
0 0.14401041666666667 0.9296296296296296 0.08385416666666666 0.046296296296296294
0 0.32135416666666666 0.9337962962962963 0.025 0.05648148148148148
0 0.46901041666666665 0.7833333333333333 0.0859375 0.13333333333333333
0 0.22708333333333333 0.9740740740740741 0.058333333333333334 0.05185185185185185
0 0.5973958333333333 0.8125 0.035416666666666666 0.06388888888888888
0 0.628125 0.8629629629629629 0.03125 0.03333333333333333
0 0.6740885416666667 0.94375 0.06171875 0.08657407407407407
0 0.9584635416666667 0.8071759259259259 0.07369791666666667 0.1884259259259259
0 0.9583333333333334 0.6729166666666667 0.0609375 0.06805555555555555
0 0.982421875 0.6990740740740741 0.03515625 0.07222222222222222
0 0.8983072916666667 0.7155092592592592 0.03463541666666667 0.03009259259259259
