0 0.601953125 0.18541666666666667 0.10807291666666667 0.12638888888888888
0 0.9229166666666667 0.35324074074074074 0.15416666666666667 0.19722222222222222
0 0.96796875 0.5634259259259259 0.027083333333333334 0.05740740740740741
0 0.937890625 0.7368055555555556 0.026302083333333334 0.06620370370370371
0 0.7966145833333333 0.7398148148148148 0.05572916666666667 0.05277777777777778
0 0.6705729166666666 0.8377314814814815 0.13489583333333333 0.09212962962962963
0 0.5705729166666667 0.925 0.04583333333333333 0.05925925925925926
0 0.4720052083333333 0.8738425925925926 0.04609375 0.13564814814814816
0 0.47708333333333336 0.6085648148148148 0.1046875 0.2875
0 0.3553385416666667 0.55625 0.17526041666666667 0.11990740740740741
0 0.28411458333333334 0.7180555555555556 0.18125 0.11851851851851852
0 0.490625 0.4759259259259259 0.036458333333333336 0.13148148148148148
0 0.55234375 0.7930555555555555 0.027604166666666666 0.03611111111111111
0 0.8270833333333333 0.7805555555555556 0.046875 0.053703703703703705
0 0.8536458333333333 0.7861111111111111 0.040625 0.037037037037037035
