0 0.17643229166666666 0.41203703703703703 0.10859375 0.07407407407407407
0 0.28294270833333335 0.3685185185185185 0.026302083333333334 0.053703703703703705
0 0.30950520833333334 0.4273148148148148 0.02109375 0.049074074074074076
0 0.43645833333333334 0.43148148148148147 0.015625 0.041666666666666664
0 0.5095052083333333 0.525 0.07317708333333334 0.04351851851851852
0 0.609765625 0.5275462962962963 0.019010416666666665 0.029166666666666667
0 0.6145833333333334 0.6884259259259259 0.05 0.062037037037037036
0 0.5529947916666667 0.5736111111111111 0.023697916666666666 0.04259259259259259
0 0.47122395833333336 0.5923611111111111 0.03828125 0.024537037037037038
0 0.3651041666666667 0.6493055555555556 0.05416666666666667 0.0587962962962963
0 0.48359375 0.6291666666666667 0.05677083333333333 0.04351851851851852
0 0.43671875 0.7291666666666666 0.04010416666666667 0.04537037037037037
