0 0.23098958333333333 0.32407407407407407 0.0171875 0.06481481481481481
0 0.28424479166666666 0.41412037037037036 0.06848958333333334 0.11527777777777778
0 0.35 0.41388888888888886 0.009375 0.020370370370370372
0 0.4647135416666667 0.45902777777777776 0.024739583333333332 0.056018518518518516
0 0.3997395833333333 0.3710648148148148 0.008854166666666666 0.01712962962962963
0 0.35455729166666666 0.2511574074074074 0.05182291666666667 0.09027777777777778
0 0.4759114583333333 0.2828703703703704 0.038802083333333334 0.03425925925925926
0 0.18255208333333334 0.21064814814814814 0.10052083333333334 0.22777777777777777
0 0.23098958333333333 0.05648148148148148 0.06770833333333333 0.11203703703703703
0 0.33372395833333335 0.03356481481481482 0.020572916666666666 0.05694444444444444
0 0.482421875 0.5465277777777777 0.022135416666666668 0.03009259259259259
0 0.5997395833333333 0.5976851851851852 0.09739583333333333 0.1574074074074074
0 0.5983072916666666 0.3872685185185185 0.026302083333333334 0.04398148148148148
0 0.658984375 0.8194444444444444 0.10703125 0.10555555555555556
0 0.45989583333333334 0.861574074074074 0.04583333333333333 0.1398148148148148
0 0.4778645833333333 0.9328703703703703 0.0890625 0.13425925925925927
0 0.31979166666666664 0.4439814814814815 0.03125 0.06944444444444445
0 0.2794270833333333 0.4666666666666667 0.018229166666666668 0.037037037037037035
0 0.2734375 0.4912037037037037 0.017708333333333333 0.03796296296296296
0 0.29140625 0.40185185185185185 0.0484375 0.09259259259259259
0 0.9072916666666667 0.7611111111111111 0.0375 0.07222222222222222
