0 0.22734375 0.530787037037037 0.0484375 0.09583333333333334
0 0.20559895833333333 0.47824074074074074 0.08359375 0.05
0 0.21458333333333332 0.4023148148148148 0.08125 0.08055555555555556
0 0.10807291666666667 0.23726851851851852 0.06041666666666667 0.050462962962962966
0 0.07096354166666667 0.13217592592592592 0.09296875 0.06157407407407407
0 0.096875 0.09791666666666667 0.0671875 0.03935185185185185
0 0.23177083333333334 0.13449074074074074 0.0421875 0.043055555555555555
0 0.324609375 0.09606481481481481 0.08411458333333334 0.06435185185185185
0 0.3673177083333333 0.15555555555555556 0.053385416666666664 0.03611111111111111
0 0.5014322916666667 0.21157407407407408 0.08151041666666667 0.09907407407407408
0 0.40234375 0.21064814814814814 0.0609375 0.04537037037037037
0 0.38958333333333334 0.40023148148148147 0.03125 0.0763888888888889
0 0.42942708333333335 0.44537037037037036 0.030208333333333334 0.06574074074074074
0 0.6368489583333333 0.5918981481481481 0.08203125 0.060648148148148145
0 0.6328125 0.6939814814814815 0.053125 0.04722222222222222
0 0.9532552083333333 0.5763888888888888 0.09348958333333333 0.09074074074074075
0 0.8618489583333333 0.5386574074074074 0.09973958333333334 0.06527777777777778
0 0.7721354166666666 0.5027777777777778 0.08333333333333333 0.09537037037037037
0 0.5654947916666667 0.1699074074074074 0.07473958333333333 0.08333333333333333
0 0.61875 0.16157407407407406 0.05625 0.14444444444444443
0 0.6397135416666667 0.12060185185185185 0.047135416666666666 0.06527777777777778
0 0.6796875 0.16574074074074074 0.0609375 0.15
0 0.70078125 0.15648148148148147 0.0296875 0.08703703703703704
0 0.71796875 0.14675925925925926 0.0234375 0.06388888888888888
0 0.464453125 0.07800925925925926 0.061197916666666664 0.04398148148148148
0 0.57265625 0.03287037037037037 0.025520833333333333 0.030555555555555555
0 0.8291666666666667 0.21041666666666667 0.03854166666666667 0.050462962962962966
0 0.7165364583333333 0.19675925925925927 0.07473958333333333 0.10185185185185185
0 0.7763020833333333 0.19791666666666666 0.058333333333333334 0.06805555555555555
0 0.8580729166666666 0.31574074074074077 0.0703125 0.03333333333333333
0 0.9177083333333333 0.09166666666666666 0.026041666666666668 0.03518518518518519
0 0.877734375 0.1814814814814815 0.026822916666666665 0.044444444444444446
0 0.88984375 0.4074074074074074 0.034895833333333334 0.06296296296296296
0 0.7924479166666667 0.35833333333333334 0.0484375 0.05185185185185185
0 0.60078125 0.31342592592592594 0.0265625 0.07314814814814814
0 0.51171875 0.31296296296296294 0.022395833333333334 0.07037037037037037
0 0.192578125 0.05115740740740741 0.04973958333333333 0.04212962962962963
0 0.3592447916666667 0.02060185185185185 0.06953125 0.03935185185185185
0 0.04921875 0.011574074074074073 0.03177083333333333 0.023148148148148147
0 0.21432291666666667 0.008333333333333333 0.008854166666666666 0.016666666666666666
0 0.15963541666666667 0.037037037037037035 0.011979166666666667 0.011111111111111112
0 0.13645833333333332 0.05138888888888889 0.00625 0.019444444444444445
0 0.18463541666666666 0.33402777777777776 0.049479166666666664 0.06435185185185185
0 0.54453125 0.4675925925925926 0.0171875 0.06481481481481481
0 0.2604166666666667 0.6060185185185185 0.057291666666666664 0.04722222222222222
0 0.45338541666666665 0.31712962962962965 0.0609375 0.03796296296296296
0 0.42890625 0.1699074074074074 0.0484375 0.030555555555555555
