0 0.6850260416666667 0.819675925925926 0.045572916666666664 0.033796296296296297
0 0.8986979166666667 0.7217592592592592 0.030208333333333334 0.05092592592592592
0 0.9678385416666667 0.7125 0.038802083333333334 0.03425925925925926
0 0.9546875 0.7777777777777778 0.028125 0.04722222222222222
0 0.9462239583333333 0.8173611111111111 0.02734375 0.03009259259259259
0 0.8842447916666667 0.8238425925925926 0.023177083333333334 0.04490740740740741
0 0.8489583333333334 0.7837962962962963 0.019270833333333334 0.041666666666666664
0 0.39557291666666666 0.9574074074074074 0.0171875 0.037037037037037035
0 0.43723958333333335 0.9495370370370371 0.015104166666666667 0.030555555555555555
0 0.4278645833333333 0.8731481481481481 0.009895833333333333 0.027777777777777776
0 0.46770833333333334 0.95 0.022916666666666665 0.037037037037037035
0 0.47760416666666666 0.9277777777777778 0.011458333333333333 0.03148148148148148
0 0.51953125 0.9495370370370371 0.0140625 0.030555555555555555
0 0.5315104166666667 0.8805555555555555 0.0171875 0.037037037037037035
0 0.603125 0.8953703703703704 0.010416666666666666 0.016666666666666666
0 0.7268229166666667 0.987037037037037 0.0109375 0.020370370370370372
0 0.7489583333333333 0.9231481481481482 0.023958333333333335 0.03888888888888889
0 0.8255208333333334 0.950462962962963 0.015625 0.025
0 0.9325520833333333 0.9810185185185185 0.024479166666666666 0.03796296296296296
0 0.7786458333333334 0.8300925925925926 0.01875 0.026851851851851852
0 0.8424479166666666 0.637962962962963 0.0109375 0.025925925925925925
