0 0.027083333333333334 0.40324074074074073 0.026041666666666668 0.023148148148148147
0 0.0026041666666666665 0.3824074074074074 0.005208333333333333 0.018518518518518517
0 0.09921875 0.40185185185185185 0.033854166666666664 0.02962962962962963
0 0.06848958333333334 0.350462962962963 0.024479166666666666 0.028703703703703703
0 0.08177083333333333 0.3277777777777778 0.029166666666666667 0.02962962962962963
0 0.1015625 0.3486111111111111 0.016666666666666666 0.017592592592592594
0 0.13411458333333334 0.4842592592592593 0.025520833333333333 0.06296296296296296
0 0.151171875 0.42569444444444443 0.04348958333333333 0.03194444444444444
0 0.17447916666666666 0.4671296296296296 0.01875 0.021296296296296296
0 0.17135416666666667 0.48703703703703705 0.008333333333333333 0.022222222222222223
0 0.10963541666666667 0.5097222222222222 0.0390625 0.030555555555555555
0 0.07864583333333333 0.4550925925925926 0.042708333333333334 0.049074074074074076
0 0.04869791666666667 0.4185185185185185 0.028645833333333332 0.020370370370370372
0 0.18098958333333334 0.4305555555555556 0.015104166666666667 0.018518518518518517
0 0.19921875 0.40532407407407406 0.04895833333333333 0.033796296296296297
0 0.21953125 0.43125 0.050520833333333334 0.050462962962962966
0 0.26197916666666665 0.45208333333333334 0.03229166666666667 0.02638888888888889
0 0.26419270833333336 0.4162037037037037 0.030989583333333334 0.022222222222222223
0 0.26171875 0.42268518518518516 0.033854166666666664 0.030555555555555555
0 0.3946614583333333 0.507175925925926 0.05755208333333333 0.04953703703703704
0 0.40143229166666666 0.47638888888888886 0.05703125 0.05092592592592592
0 0.4615885416666667 0.5435185185185185 0.021614583333333333 0.04259259259259259
0 0.8739583333333333 0.555787037037037 0.07239583333333334 0.08287037037037037
0 0.8997395833333334 0.5324074074074074 0.04010416666666667 0.049074074074074076
0 0.85078125 0.48148148148148145 0.0453125 0.05
0 0.88515625 0.44560185185185186 0.03697916666666667 0.047685185185185185
0 0.930859375 0.475462962962963 0.053385416666666664 0.05185185185185185
0 0.94453125 0.4532407407407407 0.058333333333333334 0.04259259259259259
0 0.7766927083333334 0.43425925925925923 0.046614583333333334 0.03518518518518519
0 0.777734375 0.4863425925925926 0.04140625 0.047685185185185185
0 0.7953125 0.5319444444444444 0.046875 0.05277777777777778
0 0.8372395833333334 0.4388888888888889 0.0671875 0.05185185185185185
0 0.9114583333333334 0.44305555555555554 0.016666666666666666 0.026851851851851852
0 0.23463541666666668 0.3921296296296296 0.021354166666666667 0.03796296296296296
0 0.28854166666666664 0.36203703703703705 0.05416666666666667 0.058333333333333334
0 0.32591145833333335 0.4150462962962963 0.05026041666666667 0.07453703703703704
0 0.38255208333333335 0.4101851851851852 0.059895833333333336 0.05185185185185185
0 0.43645833333333334 0.5064814814814815 0.021875 0.027777777777777776
0 0.4772135416666667 0.4689814814814815 0.047135416666666666 0.05555555555555555
0 0.47630208333333335 0.4412037037037037 0.0375 0.028703703703703703
0 0.5345052083333334 0.5164351851851852 0.03567708333333333 0.031018518518518518
0 0.5432291666666667 0.487962962962963 0.04635416666666667 0.05277777777777778
0 0.5259114583333333 0.44837962962962963 0.05078125 0.05416666666666667
0 0.509375 0.47962962962962963 0.040625 0.04814814814814815
0 0.58828125 0.36203703703703705 0.04479166666666667 0.05277777777777778
0 0.528515625 0.4136574074074074 0.04505208333333333 0.038425925925925926
0 0.6079427083333333 0.4219907407407407 0.048177083333333336 0.059722222222222225
0 0.6544270833333333 0.38564814814814813 0.04010416666666667 0.053703703703703705
0 0.7322916666666667 0.48518518518518516 0.065625 0.04259259259259259
0 0.9380208333333333 0.5962962962962963 0.04479166666666667 0.03518518518518519
0 0.96171875 0.6092592592592593 0.0453125 0.03888888888888889
0 0.9419270833333333 0.5111111111111111 0.04114583333333333 0.040740740740740744
0 0.9697916666666667 0.5712962962962963 0.03854166666666667 0.03333333333333333
0 0.73984375 0.3912037037037037 0.04635416666666667 0.04351851851851852
0 0.5768229166666666 0.4337962962962963 0.0546875 0.05462962962962963
0 0.6354166666666666 0.45601851851851855 0.027083333333333334 0.03796296296296296
