0 0.1640625 0.350462962962963 0.06822916666666666 0.10462962962962963
0 0.44700520833333335 0.36412037037037037 0.10703125 0.1875
0 0.3470052083333333 0.8893518518518518 0.09192708333333334 0.17685185185185184
0 0.6826822916666667 0.8483796296296297 0.06432291666666666 0.10046296296296296
0 0.5516927083333333 0.6168981481481481 0.05130208333333333 0.10972222222222222
0 0.7920572916666667 0.44930555555555557 0.09661458333333334 0.2412037037037037
0 0.9697916666666667 0.4798611111111111 0.06041666666666667 0.06435185185185185
0 0.9661458333333334 0.35671296296296295 0.06770833333333333 0.10787037037037037
0 0.846875 0.33310185185185187 0.08020833333333334 0.09305555555555556
0 0.6796875 0.1935185185185185 0.0796875 0.075
0 0.5739583333333333 0.13217592592592592 0.07604166666666666 0.0625
0 0.5744791666666667 0.06851851851851852 0.06979166666666667 0.08518518518518518
0 0.601171875 0.04259259259259259 0.06901041666666667 0.07314814814814814
0 0.6984375 0.10185185185185185 0.06041666666666667 0.08148148148148149
0 0.7446614583333333 0.11435185185185186 0.09661458333333334 0.13333333333333333
0 0.7654947916666667 0.23148148148148148 0.10234375 0.13148148148148148
0 0.8787760416666667 0.23541666666666666 0.09348958333333333 0.16712962962962963
0 0.96484375 0.2462962962962963 0.0703125 0.12129629629629629
0 0.8990885416666666 0.13078703703703703 0.09348958333333333 0.0912037037037037
0 0.7427083333333333 0.033796296296296297 0.058333333333333334 0.06388888888888888
0 0.7893229166666667 0.0837962962962963 0.046875 0.062037037037037036
0 0.85234375 0.03912037037037037 0.08645833333333333 0.07824074074074074
0 0.9736979166666667 0.08009259259259259 0.05260416666666667 0.06759259259259259
0 0.9255208333333333 0.03634259259259259 0.06197916666666667 0.07268518518518519
0 0.9604166666666667 0.027314814814814816 0.06770833333333333 0.05462962962962963
0 0.47369791666666666 0.5546296296296296 0.0265625 0.025925925925925925
0 0.3171875 0.34814814814814815 0.021875 0.053703703703703705
0 0.92109375 0.06157407407407407 0.0484375 0.09907407407407408
