0 0.5555989583333333 0.08032407407407408 0.13932291666666666 0.1439814814814815
0 0.28958333333333336 0.09791666666666667 0.15989583333333332 0.16898148148148148
0 0.47890625 0.4550925925925926 0.04375 0.1037037037037037
0 0.4244791666666667 0.40555555555555556 0.06354166666666666 0.040740740740740744
0 0.4061197916666667 0.5009259259259259 0.15026041666666667 0.16574074074074074
0 0.07526041666666666 0.02175925925925926 0.078125 0.04351851851851852
0 0.18138020833333332 0.03611111111111111 0.014322916666666666 0.025
0 0.936328125 0.2337962962962963 0.037760416666666664 0.028703703703703703
0 0.68046875 0.3608796296296296 0.08072916666666667 0.20787037037037037
0 0.7263020833333333 0.4354166666666667 0.1234375 0.12175925925925926
0 0.7229166666666667 0.16203703703703703 0.010416666666666666 0.02962962962962963
0 0.43125 0.1814814814814815 0.03333333333333333 0.03333333333333333
0 0.6177083333333333 0.6541666666666667 0.06041666666666667 0.22314814814814815
0 0.66484375 0.6796296296296296 0.0828125 0.25
