0 0.5276041666666667 0.04953703703703704 0.30364583333333334 0.09907407407407408
0 0.33359375 0.5854166666666667 0.08854166666666667 0.11064814814814815
0 0.47994791666666664 0.5946759259259259 0.06197916666666667 0.15601851851851853
0 0.5423177083333334 0.618287037037037 0.09817708333333333 0.09305555555555556
0 0.45455729166666664 0.7212962962962963 0.17942708333333332 0.11388888888888889
0 0.4625 0.8030092592592593 0.23802083333333332 0.1476851851851852
0 0.6755208333333333 0.8770833333333333 0.2140625 0.10787037037037037
0 0.6950520833333333 0.4636574074074074 0.0328125 0.1050925925925926
0 0.660546875 0.3333333333333333 0.04921875 0.18518518518518517
0 0.669921875 0.4564814814814815 0.20598958333333334 0.19722222222222222
0 0.8002604166666667 0.40879629629629627 0.10833333333333334 0.11944444444444445
0 0.9010416666666666 0.34629629629629627 0.12760416666666666 0.1259259259259259
0 0.720703125 0.6400462962962963 0.11796875 0.11157407407407408
0 0.72265625 0.6307870370370371 0.13072916666666667 0.12731481481481483
0 0.665625 0.5905092592592592 0.04583333333333333 0.10694444444444444
0 0.8708333333333333 0.5703703703703704 0.17916666666666667 0.25555555555555554
0 0.9541666666666667 0.6872685185185186 0.08854166666666667 0.11898148148148148
0 0.8569010416666667 0.9018518518518519 0.14036458333333332 0.10277777777777777
0 0.7213541666666666 0.4083333333333333 0.12395833333333334 0.1685185185185185
