0 0.3333333333333333 0.7125 0.027083333333333334 0.05092592592592592
0 0.23932291666666666 0.725462962962963 0.0265625 0.028703703703703703
0 0.12239583333333333 0.762962962962963 0.028125 0.03518518518518519
0 0.16770833333333332 0.6027777777777777 0.030208333333333334 0.027777777777777776
0 0.14244791666666667 0.6226851851851852 0.1140625 0.07962962962962963
0 0.10859375 0.9164351851851852 0.05416666666666667 0.16620370370370371
0 0.5576822916666667 0.9456018518518519 0.19973958333333333 0.1087962962962963
0 0.932421875 0.9201388888888888 0.07213541666666666 0.1597222222222222
0 0.090625 0.8796296296296297 0.05625 0.11296296296296296
0 0.026822916666666665 0.5462962962962963 0.05260416666666667 0.046296296296296294
