0 0.13190104166666666 0.3988425925925926 0.012760416666666666 0.04675925925925926
0 0.280859375 0.40717592592592594 0.03307291666666667 0.05324074074074074
0 0.32760416666666664 0.4046296296296296 0.023958333333333335 0.037037037037037035
0 0.34817708333333336 0.39328703703703705 0.07447916666666667 0.0587962962962963
0 0.3692708333333333 0.47337962962962965 0.03697916666666667 0.04675925925925926
0 0.450390625 0.524074074074074 0.01640625 0.03611111111111111
0 0.5796875 0.6358796296296296 0.029166666666666667 0.029166666666666667
0 0.3815104166666667 0.6680555555555555 0.0390625 0.0787037037037037
0 0.6233072916666667 0.7986111111111112 0.018489583333333334 0.027777777777777776
0 0.6868489583333334 0.8393518518518519 0.01640625 0.03148148148148148
0 0.74296875 0.6898148148148148 0.0109375 0.027777777777777776
0 0.6197916666666666 0.8069444444444445 0.0125 0.013888888888888888
0 0.6229166666666667 0.7856481481481481 0.009375 0.010185185185185186
