0 0.8682291666666667 0.5157407407407407 0.05416666666666667 0.1111111111111111
0 0.9481770833333333 0.47939814814814813 0.10364583333333334 0.09953703703703703
0 0.6813802083333333 0.506712962962963 0.10442708333333334 0.08472222222222223
0 0.5091145833333334 0.46111111111111114 0.10208333333333333 0.0712962962962963
0 0.49505208333333334 0.5138888888888888 0.04895833333333333 0.05
0 0.321484375 0.4710648148148148 0.05234375 0.047685185185185185
0 0.3123697916666667 0.5092592592592593 0.03671875 0.03981481481481482
0 0.3575520833333333 0.507175925925926 0.018229166666666668 0.034722222222222224
0 0.24518229166666666 0.42592592592592593 0.023697916666666666 0.03518518518518519
0 0.20364583333333333 0.3423611111111111 0.052083333333333336 0.04027777777777778
0 0.28046875 0.47152777777777777 0.04635416666666667 0.027314814814814816
0 0.19544270833333333 0.4689814814814815 0.031510416666666666 0.03333333333333333
0 0.1609375 0.5016203703703703 0.024479166666666666 0.03194444444444444
0 0.216015625 0.5261574074074075 0.030989583333333334 0.02824074074074074
0 0.2604166666666667 0.5078703703703704 0.009895833333333333 0.028703703703703703
0 0.22578125 0.4787037037037037 0.0515625 0.037037037037037035
0 0.23151041666666666 0.46296296296296297 0.03697916666666667 0.037037037037037035
0 0.11302083333333333 0.3541666666666667 0.0359375 0.03518518518518519
0 0.03723958333333333 0.2865740740740741 0.05260416666666667 0.032407407407407406
0 0.052734375 0.34930555555555554 0.03723958333333333 0.05138888888888889
0 0.07877604166666667 0.38657407407407407 0.026822916666666665 0.03888888888888889
0 0.07591145833333333 0.41435185185185186 0.03567708333333333 0.02962962962962963
0 0.09127604166666667 0.4238425925925926 0.028385416666666666 0.022685185185185187
0 0.072265625 0.4395833333333333 0.027864583333333335 0.01898148148148148
0 0.11458333333333333 0.4532407407407407 0.0234375 0.041666666666666664
0 0.14817708333333332 0.4078703703703704 0.03958333333333333 0.03148148148148148
0 0.13059895833333332 0.4752314814814815 0.03307291666666667 0.06435185185185185
0 0.16380208333333332 0.45393518518518516 0.022916666666666665 0.034722222222222224
0 0.1890625 0.412962962962963 0.013541666666666667 0.018518518518518517
0 0.02734375 0.5090277777777777 0.028645833333333332 0.052314814814814814
0 0.0203125 0.45023148148148145 0.0140625 0.04212962962962963
0 0.006510416666666667 0.42268518518518516 0.013020833333333334 0.026851851851851852
0 0.07760416666666667 0.5023148148148148 0.024479166666666666 0.023148148148148147
0 0.580859375 0.5884259259259259 0.03671875 0.04814814814814815
