0 0.6981770833333333 0.4289351851851852 0.06354166666666666 0.055092592592592596
0 0.377734375 0.6990740740740741 0.08619791666666667 0.07222222222222222
0 0.07591145833333333 0.7326388888888888 0.06484375 0.060648148148148145
0 0.04921875 0.7800925925925926 0.0859375 0.04814814814814815
0 0.41171875 0.8449074074074074 0.07395833333333333 0.07222222222222222
0 0.4954427083333333 0.7 0.06744791666666666 0.05462962962962963
0 0.5380208333333333 0.6856481481481481 0.057291666666666664 0.03425925925925926
0 0.44388020833333336 0.5567129629629629 0.06901041666666667 0.06620370370370371
0 0.42916666666666664 0.4986111111111111 0.06354166666666666 0.032407407407407406
0 0.5764322916666667 0.5634259259259259 0.06380208333333333 0.03796296296296296
0 0.50546875 0.7553240740740741 0.06614583333333333 0.055092592592592596
0 0.5276041666666667 0.7912037037037037 0.09583333333333334 0.06111111111111111
0 0.5595052083333333 0.8092592592592592 0.045572916666666664 0.04259259259259259
0 0.21484375 0.3236111111111111 0.0421875 0.075
0 0.23515625 0.5081018518518519 0.0328125 0.029166666666666667
0 0.2677083333333333 0.5842592592592593 0.023958333333333335 0.024074074074074074
0 0.70546875 0.5868055555555556 0.0203125 0.02546296296296296
0 0.33255208333333336 0.6837962962962963 0.0234375 0.03796296296296296
0 0.14088541666666668 0.5268518518518519 0.027604166666666666 0.03518518518518519
