0 0.79140625 0.44814814814814813 0.034375 0.040740740740740744
0 0.8358072916666667 0.4652777777777778 0.06015625 0.053703703703703705
0 0.703125 0.42453703703703705 0.06197916666666667 0.04722222222222222
0 0.6421875 0.35625 0.08072916666666667 0.06342592592592593
0 0.4903645833333333 0.5185185185185185 0.049479166666666664 0.046296296296296294
0 0.5057291666666667 0.47453703703703703 0.06354166666666666 0.05925925925925926
0 0.5328125 0.44583333333333336 0.05 0.05277777777777778
0 0.45026041666666666 0.3314814814814815 0.042708333333333334 0.04722222222222222
0 0.406640625 0.3506944444444444 0.038802083333333334 0.031018518518518518
0 0.42552083333333335 0.3738425925925926 0.059375 0.052314814814814814
0 0.38645833333333335 0.4337962962962963 0.051041666666666666 0.053703703703703705
0 0.31419270833333335 0.5270833333333333 0.02734375 0.04583333333333333
0 0.33828125 0.5488425925925926 0.030729166666666665 0.034722222222222224
0 0.17005208333333333 0.6703703703703704 0.05364583333333333 0.049074074074074076
0 0.08151041666666667 0.45601851851851855 0.028125 0.03518518518518519
0 0.10104166666666667 0.4671296296296296 0.021875 0.041666666666666664
0 0.16901041666666666 0.36018518518518516 0.0328125 0.03148148148148148
0 0.023828125 0.38078703703703703 0.04765625 0.06712962962962964
0 0.158203125 0.600462962962963 0.03515625 0.058333333333333334
0 0.7057291666666666 0.4703703703703704 0.034375 0.037037037037037035
0 0.6380208333333334 0.6611111111111111 0.05416666666666667 0.04814814814814815
0 0.19947916666666668 0.40925925925925927 0.023958333333333335 0.03333333333333333
0 0.19453125 0.5837962962962963 0.016145833333333335 0.032407407407407406
0 0.6552083333333333 0.7560185185185185 0.04791666666666667 0.0824074074074074
