0 0.32760416666666664 0.5 0.06927083333333334 0.17407407407407408
0 0.5416666666666666 0.4738425925925926 0.103125 0.18101851851851852
0 0.5287760416666667 0.4287037037037037 0.23359375 0.14351851851851852
0 0.5520833333333334 0.6828703703703703 0.13697916666666668 0.12222222222222222
0 0.7506510416666666 0.7664351851851852 0.19296875 0.10046296296296296
0 0.6571614583333333 0.48657407407407405 0.11067708333333333 0.09074074074074075
0 0.7700520833333333 0.3474537037037037 0.05677083333333333 0.04490740740740741
0 0.8338541666666667 0.3888888888888889 0.03802083333333333 0.04259259259259259
0 0.8079427083333334 0.46087962962962964 0.06484375 0.04212962962962963
0 0.61796875 0.14351851851851852 0.040625 0.037037037037037035
0 0.9428385416666667 0.13564814814814816 0.03671875 0.05740740740740741
0 0.7134114583333333 0.2553240740740741 0.04140625 0.024537037037037038
0 0.6028645833333334 0.23171296296296295 0.04375 0.031018518518518518
0 0.5346354166666667 0.319212962962963 0.04791666666666667 0.0412037037037037
0 0.981640625 0.5680555555555555 0.03619791666666667 0.08425925925925926
0 0.3489583333333333 0.7842592592592592 0.0828125 0.08888888888888889
0 0.525390625 0.7578703703703704 0.10234375 0.06018518518518518
0 0.3587239583333333 0.694212962962963 0.11848958333333333 0.0912037037037037
0 0.19518229166666667 0.7078703703703704 0.08776041666666666 0.05740740740740741
0 0.5765625 0.3148148148148148 0.058333333333333334 0.06666666666666667
0 0.7174479166666666 0.2875 0.05364583333333333 0.019444444444444445
0 0.9190104166666667 0.2902777777777778 0.0296875 0.049074074074074076
