0 0.06875 0.8009259259259259 0.030208333333333334 0.027777777777777776
0 0.030598958333333332 0.5287037037037037 0.05963541666666667 0.06666666666666667
0 0.5061197916666667 0.5238425925925926 0.04973958333333333 0.04490740740740741
0 0.24088541666666666 0.4398148148148148 0.009895833333333333 0.014814814814814815
0 0.34010416666666665 0.32407407407407407 0.005208333333333333 0.018518518518518517
0 0.3924479166666667 0.31805555555555554 0.021354166666666667 0.019444444444444445
0 0.5108072916666667 0.22685185185185186 0.06432291666666666 0.046296296296296294
0 0.39700520833333336 0.21666666666666667 0.010677083333333334 0.01574074074074074
0 0.390234375 0.25833333333333336 0.025260416666666667 0.040740740740740744
0 0.48072916666666665 0.06087962962962963 0.010416666666666666 0.029166666666666667
0 0.7786458333333334 0.10138888888888889 0.008333333333333333 0.012037037037037037
0 0.8123697916666667 0.09212962962962963 0.048177083333333336 0.032407407407407406
0 0.9389322916666667 0.5263888888888889 0.030989583333333334 0.041666666666666664
0 0.9888020833333333 0.5745370370370371 0.022395833333333334 0.03796296296296296
0 0.96796875 0.8425925925925926 0.06302083333333333 0.05925925925925926
0 0.725 0.6986111111111111 0.04375 0.04537037037037037
0 0.8283854166666667 0.37453703703703706 0.044270833333333336 0.04722222222222222
