0 0.18489583333333334 0.6030092592592593 0.07291666666666667 0.05787037037037037
0 0.45260416666666664 0.61875 0.0546875 0.07731481481481481
0 0.5598958333333334 0.5131944444444444 0.029166666666666667 0.034722222222222224
0 0.640625 0.6412037037037037 0.0375 0.028703703703703703
0 0.4942708333333333 0.6347222222222222 0.034375 0.026851851851851852
0 0.33515625 0.4064814814814815 0.033854166666666664 0.026851851851851852
0 0.09401041666666667 0.30972222222222223 0.12604166666666666 0.10277777777777777
0 0.3424479166666667 0.5106481481481482 0.03177083333333333 0.026851851851851852
0 0.9563802083333334 0.7023148148148148 0.07109375 0.07314814814814814
0 0.9190104166666667 0.18796296296296297 0.019270833333333334 0.020370370370370372
