0 0.0296875 0.5222222222222223 0.007291666666666667 0.011111111111111112
0 0.09192708333333334 0.4925925925925926 0.008854166666666666 0.014814814814814815
0 0.05950520833333333 0.6907407407407408 0.02734375 0.03981481481481482
0 0.051041666666666666 0.5777777777777777 0.008333333333333333 0.018518518518518517
0 0.265234375 0.4837962962962963 0.04140625 0.032407407407407406
0 0.33541666666666664 0.5833333333333334 0.042708333333333334 0.04814814814814815
0 0.461328125 0.45046296296296295 0.09713541666666667 0.10833333333333334
0 0.44674479166666664 0.5368055555555555 0.047135416666666666 0.038425925925925926
0 0.4694010416666667 0.5793981481481482 0.06432291666666666 0.0587962962962963
0 0.388671875 0.6412037037037037 0.015885416666666666 0.017592592592592594
0 0.3692708333333333 0.6921296296296297 0.015104166666666667 0.01574074074074074
0 0.4147135416666667 0.6219907407407408 0.017447916666666667 0.016203703703703703
0 0.5640625 0.6180555555555556 0.065625 0.05555555555555555
0 0.6192708333333333 0.5893518518518519 0.078125 0.08148148148148149
0 0.7548177083333333 0.07152777777777777 0.01796875 0.029166666666666667
0 0.6798177083333333 0.36041666666666666 0.08723958333333333 0.07083333333333333
0 0.35794270833333336 0.2518518518518518 0.11692708333333333 0.09444444444444444
0 0.7923177083333334 0.5138888888888888 0.04453125 0.03888888888888889
0 0.8532552083333333 0.6493055555555556 0.06484375 0.050462962962962966
0 0.9697916666666667 0.49537037037037035 0.041666666666666664 0.03981481481481482
0 0.56875 0.5986111111111111 0.028125 0.023148148148148147
0 0.2526041666666667 0.6611111111111111 0.013541666666666667 0.022222222222222223
0 0.22213541666666667 0.3226851851851852 0.03802083333333333 0.028703703703703703
