0 0.4016927083333333 0.5229166666666667 0.02734375 0.06620370370370371
0 0.6807291666666667 0.40879629629629627 0.035416666666666666 0.05185185185185185
0 0.7455729166666667 0.5 0.016666666666666666 0.026851851851851852
0 0.7704427083333333 0.5523148148148148 0.07578125 0.046296296296296294
0 0.91796875 0.43333333333333335 0.05416666666666667 0.03611111111111111
0 0.93125 0.4752314814814815 0.0296875 0.03194444444444444
0 0.987109375 0.4909722222222222 0.02578125 0.034722222222222224
0 0.9587239583333333 0.5902777777777778 0.046614583333333334 0.04537037037037037
0 0.9776041666666667 0.6027777777777777 0.042708333333333334 0.02962962962962963
0 0.98515625 0.5638888888888889 0.0296875 0.04259259259259259
0 0.9263020833333333 0.5585648148148148 0.10572916666666667 0.06805555555555555
