0 0.081640625 0.4414351851851852 0.04088541666666667 0.05694444444444444
0 0.22265625 0.418287037037037 0.09166666666666666 0.08194444444444444
0 0.18151041666666667 0.4960648148148148 0.0640625 0.04490740740740741
0 0.28411458333333334 0.5 0.09427083333333333 0.05648148148148148
0 0.20950520833333333 0.5439814814814815 0.04192708333333333 0.049074074074074076
0 0.5057291666666667 0.5787037037037037 0.075 0.1111111111111111
0 0.9610677083333333 0.9247685185185185 0.07786458333333333 0.12731481481481483
0 0.7018229166666666 0.6143518518518518 0.440625 0.3194444444444444
0 0.5864583333333333 0.14027777777777778 0.010416666666666666 0.023148148148148147
0 0.16536458333333334 0.29074074074074074 0.0140625 0.022222222222222223
0 0.8927083333333333 0.5643518518518519 0.026041666666666668 0.08796296296296297
