0 0.5447916666666667 0.30694444444444446 0.128125 0.1527777777777778
0 0.3790364583333333 0.20694444444444443 0.06171875 0.06388888888888888
0 0.30716145833333336 0.2039351851851852 0.03567708333333333 0.04212962962962963
0 0.7747395833333334 0.15092592592592594 0.08697916666666666 0.12222222222222222
0 0.7627604166666667 0.08564814814814815 0.034895833333333334 0.04722222222222222
0 0.778125 0.03888888888888889 0.05416666666666667 0.04259259259259259
0 0.70078125 0.075 0.03697916666666667 0.04351851851851852
0 0.6729166666666667 0.03148148148148148 0.0125 0.028703703703703703
0 0.60390625 0.05763888888888889 0.053125 0.029166666666666667
0 0.6328125 0.11967592592592592 0.03177083333333333 0.04861111111111111
0 0.6015625 0.13148148148148148 0.010416666666666666 0.013888888888888888
0 0.5744791666666667 0.14814814814814814 0.010416666666666666 0.018518518518518517
0 0.4401041666666667 0.13125 0.03229166666666667 0.031018518518518518
0 0.42486979166666666 0.047685185185185185 0.053385416666666664 0.037037037037037035
0 0.42916666666666664 0.0587962962962963 0.05416666666666667 0.026851851851851852
0 0.38385416666666666 0.10231481481481482 0.06302083333333333 0.032407407407407406
0 0.08971354166666666 0.15138888888888888 0.05182291666666667 0.06851851851851852
0 0.19869791666666667 0.525 0.3140625 0.1537037037037037
0 0.026302083333333334 0.44583333333333336 0.0484375 0.05462962962962963
0 0.012109375 0.4125 0.02421875 0.04259259259259259
0 0.5611979166666666 0.8759259259259259 0.0390625 0.11666666666666667
