0 0.3893229166666667 0.0875 0.17916666666666667 0.10555555555555556
0 0.24375 0.5127314814814815 0.025520833333333333 0.03194444444444444
0 0.25833333333333336 0.9347222222222222 0.07708333333333334 0.06018518518518518
0 0.50703125 0.8263888888888888 0.059895833333333336 0.062037037037037036
0 0.5177083333333333 0.8111111111111111 0.03229166666666667 0.040740740740740744
0 0.53125 0.7666666666666667 0.06145833333333333 0.0787037037037037
0 0.5580729166666667 0.7451388888888889 0.07135416666666666 0.09768518518518518
0 0.5751302083333333 0.7175925925925926 0.06901041666666667 0.08333333333333333
0 0.74609375 0.6662037037037037 0.06041666666666667 0.04814814814814815
0 0.9377604166666667 0.4925925925925926 0.0421875 0.05555555555555555
0 0.043229166666666666 0.9807870370370371 0.08177083333333333 0.038425925925925926
