0 0.9063802083333333 0.19212962962962962 0.017447916666666667 0.030555555555555555
0 0.06067708333333333 0.33032407407407405 0.109375 0.08564814814814815
0 0.10950520833333334 0.2152777777777778 0.03723958333333333 0.05648148148148148
0 0.19856770833333334 0.21157407407407408 0.062239583333333334 0.04814814814814815
0 0.229296875 0.2791666666666667 0.022135416666666668 0.053703703703703705
0 0.05091145833333333 0.20416666666666666 0.10078125 0.1037037037037037
0 0.10677083333333333 0.0824074074074074 0.10208333333333333 0.075
0 0.45703125 0.06458333333333334 0.015625 0.031018518518518518
0 0.5901041666666667 0.12777777777777777 0.011458333333333333 0.025
0 0.5260416666666666 0.1824074074074074 0.05 0.049074074074074076
0 0.9028645833333333 0.25092592592592594 0.008854166666666666 0.011111111111111112
0 0.9395833333333333 0.25787037037037036 0.007291666666666667 0.01574074074074074
0 0.9299479166666667 0.2777777777777778 0.0046875 0.009259259259259259
0 0.9442708333333333 0.2796296296296296 0.0020833333333333333 0.005555555555555556
0 0.8854166666666666 0.2763888888888889 0.004166666666666667 0.008333333333333333
