0 0.3377604166666667 0.7912037037037037 0.1265625 0.14814814814814814
0 0.4666666666666667 0.5821759259259259 0.07708333333333334 0.10231481481481482
0 0.5860677083333333 0.5546296296296296 0.13932291666666666 0.10462962962962963
0 0.591015625 0.7715277777777778 0.08619791666666667 0.07361111111111111
0 0.17122395833333334 0.9868055555555556 0.040364583333333336 0.02638888888888889
0 0.10091145833333333 0.9166666666666666 0.03619791666666667 0.05185185185185185
0 0.4881510416666667 0.3770833333333333 0.09661458333333334 0.10601851851851851
0 0.5403645833333334 0.4428240740740741 0.07760416666666667 0.11064814814814815
0 0.620703125 0.33101851851851855 0.07265625 0.09722222222222222
0 0.6889322916666667 0.4043981481481482 0.05078125 0.10046296296296296
0 0.47734375 0.7791666666666667 0.0296875 0.041666666666666664
0 0.5268229166666667 0.7050925925925926 0.0296875 0.04351851851851852
0 0.7723958333333333 0.5513888888888889 0.027083333333333334 0.023148148148148147
0 0.8236979166666667 0.4449074074074074 0.04114583333333333 0.025
