0 0.8311197916666667 0.3472222222222222 0.026302083333333334 0.03796296296296296
0 0.9416666666666667 0.3337962962962963 0.026041666666666668 0.03981481481481482
0 0.710546875 0.3414351851851852 0.03046875 0.0375
0 0.7412760416666667 0.39699074074074076 0.02578125 0.024537037037037038
0 0.7453125 0.42407407407407405 0.04479166666666667 0.05462962962962963
0 0.7684895833333333 0.4324074074074074 0.04635416666666667 0.06111111111111111
0 0.7173177083333333 0.46111111111111114 0.03046875 0.02962962962962963
0 0.6739583333333333 0.5625 0.05 0.05462962962962963
0 0.6436197916666667 0.42083333333333334 0.025260416666666667 0.025925925925925925
0 0.6234375 0.40023148148148147 0.04114583333333333 0.031018518518518518
0 0.5958333333333333 0.3675925925925926 0.016666666666666666 0.016666666666666666
0 0.5954427083333333 0.34814814814814815 0.028385416666666666 0.025
0 0.61796875 0.3474537037037037 0.03229166666666667 0.06342592592592593
0 0.6015625 0.4300925925925926 0.013541666666666667 0.023148148148148147
0 0.55859375 0.39675925925925926 0.0234375 0.03611111111111111
0 0.5307291666666667 0.38125 0.03125 0.02638888888888889
0 0.49466145833333336 0.39537037037037037 0.02109375 0.023148148148148147
0 0.4923177083333333 0.41550925925925924 0.024739583333333332 0.02175925925925926
0 0.52734375 0.35185185185185186 0.046875 0.026851851851851852
0 0.5490885416666667 0.34050925925925923 0.03619791666666667 0.027314814814814816
0 0.5194010416666667 0.32384259259259257 0.021614583333333333 0.02361111111111111
0 0.506640625 0.2902777777777778 0.026302083333333334 0.06296296296296296
0 0.4850260416666667 0.2798611111111111 0.026302083333333334 0.024537037037037038
0 0.47421875 0.3053240740740741 0.026041666666666668 0.0375
0 0.4569010416666667 0.3175925925925926 0.016927083333333332 0.030555555555555555
0 0.46171875 0.3388888888888889 0.021354166666666667 0.03518518518518519
0 0.47903645833333336 0.35300925925925924 0.026302083333333334 0.02361111111111111
0 0.48541666666666666 0.3638888888888889 0.017708333333333333 0.014814814814814815
0 0.4454427083333333 0.2828703703703704 0.03567708333333333 0.03888888888888889
0 0.42421875 0.2796296296296296 0.027083333333333334 0.032407407407407406
0 0.38893229166666665 0.2335648148148148 0.02421875 0.027314814814814816
0 0.2858072916666667 0.20902777777777778 0.030989583333333334 0.03564814814814815
0 0.31953125 0.2657407407407407 0.020833333333333332 0.025
0 0.26783854166666665 0.26828703703703705 0.020572916666666666 0.01712962962962963
0 0.2615885416666667 0.3111111111111111 0.008072916666666667 0.032407407407407406
0 0.27591145833333336 0.2951388888888889 0.01953125 0.03564814814814815
0 0.27760416666666665 0.2967592592592593 0.021875 0.03981481481481482
0 0.32838541666666665 0.30694444444444446 0.014583333333333334 0.023148148148148147
0 0.344921875 0.3449074074074074 0.02109375 0.025925925925925925
0 0.316796875 0.33194444444444443 0.01953125 0.037037037037037035
0 0.31080729166666665 0.3196759259259259 0.020572916666666666 0.03287037037037037
0 0.300390625 0.34953703703703703 0.017447916666666667 0.020370370370370372
0 0.2747395833333333 0.3402777777777778 0.019270833333333334 0.016666666666666666
0 0.2838541666666667 0.37777777777777777 0.027604166666666666 0.032407407407407406
0 0.30169270833333334 0.42916666666666664 0.026302083333333334 0.03518518518518519
0 0.39010416666666664 0.4425925925925926 0.015625 0.025925925925925925
0 0.370703125 0.3761574074074074 0.031510416666666666 0.027314814814814816
0 0.39895833333333336 0.3509259259259259 0.017708333333333333 0.025
0 0.4485677083333333 0.362962962962963 0.027864583333333335 0.025925925925925925
0 0.423046875 0.3594907407407407 0.028385416666666666 0.02175925925925926
0 0.41627604166666665 0.3800925925925926 0.07473958333333333 0.05740740740740741
0 0.015364583333333333 0.3736111111111111 0.0265625 0.09166666666666666
0 0.178125 0.32893518518518516 0.025520833333333333 0.02546296296296296
0 0.21041666666666667 0.30787037037037035 0.009375 0.021296296296296296
0 0.181640625 0.3675925925925926 0.040364583333333336 0.03888888888888889
0 0.19036458333333334 0.41180555555555554 0.020833333333333332 0.0625
0 0.221484375 0.36898148148148147 0.02890625 0.04259259259259259
0 0.24752604166666667 0.37175925925925923 0.026822916666666665 0.026851851851851852
0 0.2359375 0.40370370370370373 0.01875 0.03333333333333333
0 0.23567708333333334 0.42592592592592593 0.043229166666666666 0.040740740740740744
0 0.2791666666666667 0.40324074074074073 0.026041666666666668 0.04351851851851852
0 0.1640625 0.49560185185185185 0.030208333333333334 0.038425925925925926
0 0.12395833333333334 0.5064814814814815 0.010416666666666666 0.022222222222222223
0 0.43138020833333335 0.5668981481481481 0.06276041666666667 0.10416666666666667
0 0.28802083333333334 0.2935185185185185 0.010416666666666666 0.024074074074074074
0 0.590625 0.425 0.022916666666666665 0.03148148148148148
0 0.18515625 0.6351851851851852 0.1671875 0.14074074074074075
0 0.10677083333333333 0.38564814814814813 0.026041666666666668 0.030555555555555555
