0 0.108203125 0.4439814814814815 0.040364583333333336 0.08518518518518518
0 0.157421875 0.5666666666666667 0.03307291666666667 0.04351851851851852
0 0.11744791666666667 0.61875 0.027604166666666666 0.034722222222222224
0 0.16575520833333332 0.70625 0.027864583333333335 0.04212962962962963
0 0.24557291666666667 0.6671296296296296 0.025520833333333333 0.03611111111111111
0 0.29908854166666665 0.5504629629629629 0.019010416666666665 0.019444444444444445
0 0.24973958333333332 0.7842592592592592 0.1015625 0.05648148148148148
0 0.46171875 0.6497685185185185 0.06041666666666667 0.07268518518518519
0 0.5029947916666667 0.6682870370370371 0.02578125 0.024537037037037038
0 0.49895833333333334 0.7636574074074074 0.0578125 0.07824074074074074
0 0.7901041666666667 0.6460648148148148 0.030729166666666665 0.027314814814814816
0 0.5247395833333334 0.6203703703703703 0.016145833333333335 0.022222222222222223
