0 0.3470052083333333 0.506712962962963 0.008072916666666667 0.014351851851851852
0 0.22044270833333332 0.5326388888888889 0.010677083333333334 0.015277777777777777
0 0.18502604166666667 0.6011574074074074 0.008072916666666667 0.010648148148148148
0 0.146484375 0.7222222222222222 0.06484375 0.05092592592592592
0 0.5229166666666667 0.7055555555555556 0.015625 0.014814814814814815
0 0.8842447916666667 0.5162037037037037 0.09036458333333333 0.03148148148148148
0 0.0796875 0.7958333333333333 0.05520833333333333 0.062037037037037036
0 0.09244791666666667 0.6689814814814815 0.034895833333333334 0.04351851851851852
0 0.1171875 0.6930555555555555 0.036458333333333336 0.04537037037037037
0 0.19322916666666667 0.5856481481481481 0.010416666666666666 0.01574074074074074
0 0.7440104166666667 0.5925925925925926 0.03697916666666667 0.037037037037037035
0 0.8216145833333334 0.5805555555555556 0.0296875 0.03333333333333333
