0 0.669140625 0.5810185185185185 0.13359375 0.16574074074074074
0 0.81015625 0.6423611111111112 0.13385416666666666 0.1310185185185185
0 0.81640625 0.5824074074074074 0.06302083333333333 0.07037037037037037
0 0.8936197916666667 0.5493055555555556 0.06901041666666667 0.1625
0 0.9559895833333333 0.7731481481481481 0.04739583333333333 0.037037037037037035
0 0.923828125 0.7773148148148148 0.09192708333333334 0.12037037037037036
0 0.9567708333333333 0.874537037037037 0.08645833333333333 0.08425925925925926
0 0.9825520833333333 0.8532407407407407 0.034895833333333334 0.06574074074074074
0 0.9833333333333333 0.7333333333333333 0.03333333333333333 0.027777777777777776
0 0.9334635416666667 0.4423611111111111 0.12005208333333334 0.10046296296296296
0 0.9272135416666667 0.3905092592592593 0.08932291666666667 0.07175925925925926
0 0.939453125 0.32314814814814813 0.12109375 0.10277777777777777
0 0.9421875 0.2800925925925926 0.115625 0.1
0 0.8071614583333333 0.34050925925925923 0.06848958333333334 0.08009259259259259
0 0.766015625 0.3435185185185185 0.05755208333333333 0.06111111111111111
0 0.705078125 0.37546296296296294 0.03828125 0.07407407407407407
0 0.8423177083333333 0.2587962962962963 0.10494791666666667 0.08425925925925926
0 0.88515625 0.18564814814814815 0.140625 0.11018518518518519
0 0.9647135416666667 0.18101851851851852 0.06276041666666667 0.0962962962962963
0 0.9838541666666667 0.16342592592592592 0.03229166666666667 0.0712962962962963
0 0.9484375 0.06412037037037037 0.103125 0.12638888888888888
0 0.862890625 0.043287037037037034 0.12890625 0.08287037037037037
0 0.7227864583333333 0.1476851851851852 0.06328125 0.075
0 0.7359375 0.16435185185185186 0.05625 0.07685185185185185
0 0.7928385416666667 0.1337962962962963 0.08671875 0.0787037037037037
0 0.791015625 0.17592592592592593 0.09921875 0.09722222222222222
0 0.7377604166666667 0.2388888888888889 0.07604166666666666 0.07685185185185185
0 0.6940104166666666 0.23402777777777778 0.0890625 0.08657407407407407
0 0.04479166666666667 0.022685185185185187 0.03229166666666667 0.03425925925925926
0 0.06171875 0.056712962962962965 0.09791666666666667 0.10416666666666667
0 0.11770833333333333 0.13518518518518519 0.07552083333333333 0.10740740740740741
0 0.15807291666666667 0.13333333333333333 0.05625 0.05740740740740741
0 0.17174479166666667 0.08194444444444444 0.06692708333333333 0.07222222222222222
0 0.14557291666666666 0.02638888888888889 0.033854166666666664 0.04722222222222222
0 0.22864583333333333 0.04837962962962963 0.06822916666666666 0.07546296296296297
0 0.26223958333333336 0.08912037037037036 0.109375 0.12916666666666668
0 0.3028645833333333 0.14375 0.0609375 0.06805555555555555
0 0.31197916666666664 0.19143518518518518 0.043229166666666666 0.060648148148148145
0 0.34270833333333334 0.18981481481481483 0.01875 0.04259259259259259
0 0.3475260416666667 0.30925925925925923 0.06015625 0.05925925925925926
0 0.3946614583333333 0.3087962962962963 0.08463541666666667 0.08796296296296297
0 0.31223958333333335 0.24976851851851853 0.057291666666666664 0.06712962962962964
0 0.2453125 0.20208333333333334 0.0921875 0.1087962962962963
0 0.24375 0.17453703703703705 0.11041666666666666 0.14537037037037037
0 0.18346354166666667 0.4673611111111111 0.15963541666666667 0.12638888888888888
0 0.37408854166666666 0.2099537037037037 0.07734375 0.10231481481481482
0 0.380859375 0.0724537037037037 0.12578125 0.1337962962962963
0 0.4459635416666667 0.09953703703703703 0.04453125 0.06666666666666667
0 0.5100260416666667 0.13449074074074074 0.05807291666666667 0.05787037037037037
0 0.5528645833333333 0.11944444444444445 0.024479166666666666 0.05
0 0.5985677083333333 0.1261574074074074 0.11119791666666666 0.10324074074074074
0 0.57109375 0.32939814814814816 0.06875 0.07175925925925926
0 0.5334635416666667 0.36365740740740743 0.07682291666666667 0.06620370370370371
0 0.6346354166666667 0.3284722222222222 0.071875 0.08842592592592592
0 0.6828125 0.33287037037037037 0.03697916666666667 0.06018518518518518
0 0.6768229166666667 0.3074074074074074 0.05260416666666667 0.05555555555555555
0 0.6407552083333333 0.2789351851851852 0.06536458333333334 0.05138888888888889
0 0.5967447916666667 0.21064814814814814 0.12005208333333334 0.08981481481481482
0 0.5471354166666667 0.26666666666666666 0.04114583333333333 0.05185185185185185
0 0.5325520833333334 0.2652777777777778 0.022395833333333334 0.041666666666666664
0 0.5303385416666667 0.30069444444444443 0.055989583333333336 0.06157407407407407
0 0.5059895833333333 0.3 0.05260416666666667 0.05555555555555555
0 0.45729166666666665 0.2902777777777778 0.05260416666666667 0.05740740740740741
0 0.47018229166666664 0.24351851851851852 0.05182291666666667 0.05462962962962963
0 0.4901041666666667 0.26458333333333334 0.05260416666666667 0.056018518518518516
0 0.5236979166666667 0.17708333333333334 0.06927083333333334 0.09212962962962963
0 0.42734375 0.1849537037037037 0.10260416666666666 0.11342592592592593
0 0.4752604166666667 0.18194444444444444 0.05364583333333333 0.10277777777777777
0 0.6595052083333334 0.06759259259259259 0.08098958333333334 0.13425925925925927
0 0.7251302083333333 0.059027777777777776 0.12630208333333334 0.1125
0 0.5108072916666667 0.06388888888888888 0.12526041666666668 0.10462962962962963
0 0.5455729166666666 0.05439814814814815 0.1078125 0.09305555555555556
0 0.44505208333333335 0.02361111111111111 0.058854166666666666 0.04722222222222222
0 0.7963541666666667 0.5027777777777778 0.046875 0.046296296296296294
0 0.39609375 0.28564814814814815 0.08072916666666667 0.06018518518518518
0 0.3536458333333333 0.12731481481481483 0.06145833333333333 0.062037037037037036
