0 0.31015625 0.7865740740740741 0.07604166666666666 0.05648148148148148
0 0.2526041666666667 0.8530092592592593 0.023958333333333335 0.04675925925925926
0 0.427734375 0.7780092592592592 0.02890625 0.0375
0 0.5048177083333333 0.7518518518518519 0.029947916666666668 0.03148148148148148
0 0.5388020833333333 0.7106481481481481 0.0296875 0.030555555555555555
0 0.48138020833333334 0.5668981481481481 0.13098958333333333 0.09583333333333334
0 0.39010416666666664 0.5736111111111111 0.0359375 0.06481481481481481
0 0.4395833333333333 0.4625 0.050520833333333334 0.125
0 0.4954427083333333 0.34467592592592594 0.10911458333333333 0.08564814814814815
0 0.6705729166666666 0.3912037037037037 0.06666666666666667 0.12407407407407407
0 0.81953125 0.4358796296296296 0.044270833333333336 0.033796296296296297
0 0.7481770833333333 0.5578703703703703 0.019270833333333334 0.019444444444444445
0 0.2520833333333333 0.9 0.01875 0.037037037037037035
0 0.43984375 0.38657407407407407 0.06822916666666666 0.06944444444444445
0 0.9677083333333333 0.5111111111111111 0.06458333333333334 0.09444444444444444
