0 0.17786458333333333 0.2773148148148148 0.14010416666666667 0.11944444444444445
0 0.40390625 0.2516203703703704 0.07083333333333333 0.07731481481481481
0 0.4609375 0.3053240740740741 0.042708333333333334 0.038425925925925926
0 0.520703125 0.3997685185185185 0.03359375 0.05694444444444444
0 0.5145833333333333 0.46273148148148147 0.06822916666666666 0.07916666666666666
0 0.5197916666666667 0.6263888888888889 0.017708333333333333 0.017592592592592594
0 0.5255208333333333 0.6402777777777777 0.0515625 0.1037037037037037
0 0.7317708333333334 0.6305555555555555 0.03958333333333333 0.05555555555555555
0 0.523046875 0.8439814814814814 0.09921875 0.11666666666666667
0 0.8192708333333333 0.8344907407407407 0.07708333333333334 0.24675925925925926
0 0.8533854166666667 0.8418981481481481 0.0328125 0.04398148148148148
0 0.916796875 0.7655092592592593 0.16484375 0.16527777777777777
0 0.7790364583333333 0.6324074074074074 0.03046875 0.09351851851851851
0 0.8911458333333333 0.6185185185185185 0.049479166666666664 0.14814814814814814
0 0.910546875 0.531712962962963 0.06171875 0.07361111111111111
0 0.9869791666666666 0.6763888888888889 0.026041666666666668 0.03796296296296296
0 0.7658854166666667 0.43842592592592594 0.075 0.10648148148148148
0 0.028255208333333334 0.4162037037037037 0.05651041666666667 0.06111111111111111
0 0.028385416666666666 0.5236111111111111 0.05677083333333333 0.05092592592592592
0 0.2109375 0.5277777777777778 0.0484375 0.04351851851851852
0 0.71875 0.638425925925926 0.014583333333333334 0.017592592592592594
0 0.765625 0.6300925925925925 0.007291666666666667 0.013888888888888888
0 0.7130208333333333 0.6203703703703703 0.027083333333333334 0.03148148148148148
0 0.7671875 0.6231481481481481 0.01875 0.06111111111111111
0 0.35625 0.3439814814814815 0.034375 0.04722222222222222
0 0.9052083333333333 0.8875 0.017708333333333333 0.01574074074074074
0 0.4239583333333333 0.5115740740740741 0.041666666666666664 0.03981481481481482
0 0.6580729166666667 0.6861111111111111 0.018229166666666668 0.025925925925925925
