0 0.2875 0.19652777777777777 0.05416666666666667 0.06435185185185185
0 0.28802083333333334 0.18009259259259258 0.05520833333333333 0.06574074074074074
0 0.13177083333333334 0.09953703703703703 0.04479166666666667 0.053703703703703705
0 0.36328125 0.29421296296296295 0.040625 0.03935185185185185
0 0.3626302083333333 0.21898148148148147 0.07786458333333333 0.06666666666666667
0 0.39596354166666664 0.31157407407407406 0.03307291666666667 0.025
0 0.4069010416666667 0.29421296296296295 0.04088541666666667 0.05324074074074074
0 0.2911458333333333 0.06365740740740741 0.1546875 0.12731481481481483
0 0.4842447916666667 0.2902777777777778 0.04192708333333333 0.05462962962962963
0 0.4803385416666667 0.3594907407407407 0.10911458333333333 0.10231481481481482
0 0.5229166666666667 0.3416666666666667 0.04375 0.07962962962962963
0 0.47942708333333334 0.3990740740740741 0.058854166666666666 0.07222222222222222
0 0.540234375 0.4689814814814815 0.07473958333333333 0.06666666666666667
0 0.5395833333333333 0.4148148148148148 0.03125 0.037037037037037035
0 0.5690104166666666 0.42824074074074076 0.06510416666666667 0.06388888888888888
0 0.616015625 0.4099537037037037 0.04140625 0.08101851851851852
0 0.5940104166666667 0.31550925925925927 0.022395833333333334 0.02824074074074074
0 0.5186197916666667 0.20208333333333334 0.03203125 0.03287037037037037
0 0.6173177083333333 0.1787037037037037 0.031510416666666666 0.04537037037037037
0 0.6571614583333333 0.23171296296296295 0.023697916666666666 0.034722222222222224
0 0.6864583333333333 0.2539351851851852 0.026041666666666668 0.03009259259259259
0 0.6489583333333333 0.34976851851851853 0.021875 0.056018518518518516
0 0.6333333333333333 0.3141203703703704 0.015104166666666667 0.03194444444444444
0 0.66953125 0.4060185185185185 0.034375 0.06481481481481481
0 0.6114583333333333 0.5159722222222223 0.0390625 0.02638888888888889
0 0.646484375 0.5043981481481481 0.03723958333333333 0.05416666666666667
0 0.67578125 0.5185185185185185 0.04635416666666667 0.044444444444444446
0 0.6743489583333333 0.4824074074074074 0.01328125 0.024074074074074074
0 0.7201822916666667 0.39791666666666664 0.05859375 0.050462962962962966
0 0.7130208333333333 0.43333333333333335 0.05625 0.062037037037037036
0 0.760546875 0.38935185185185184 0.011197916666666667 0.020370370370370372
0 0.7608072916666667 0.35185185185185186 0.01328125 0.025
0 0.7321614583333333 0.3159722222222222 0.01484375 0.03009259259259259
0 0.764453125 0.26435185185185184 0.03515625 0.03611111111111111
0 0.795703125 0.3525462962962963 0.04192708333333333 0.0412037037037037
0 0.7755208333333333 0.47847222222222224 0.03177083333333333 0.034722222222222224
0 0.8235677083333334 0.44513888888888886 0.016927083333333332 0.016203703703703703
0 0.8322916666666667 0.5034722222222222 0.0703125 0.09305555555555556
0 0.853515625 0.5412037037037037 0.021614583333333333 0.03518518518518519
0 0.8428385416666667 0.5868055555555556 0.017447916666666667 0.02824074074074074
0 0.7684895833333333 0.5930555555555556 0.017708333333333333 0.023148148148148147
0 0.718359375 0.5854166666666667 0.027864583333333335 0.04583333333333333
0 0.6872395833333333 0.5634259259259259 0.0234375 0.03425925925925926
0 0.688671875 0.6138888888888889 0.04609375 0.06759259259259259
0 0.8321614583333333 0.30787037037037035 0.008072916666666667 0.023148148148148147
0 0.8205729166666667 0.25555555555555554 0.0265625 0.046296296296296294
0 0.6455729166666667 0.1150462962962963 0.021354166666666667 0.04212962962962963
0 0.7114583333333333 0.16689814814814816 0.019791666666666666 0.05324074074074074
0 0.7139322916666667 0.09907407407407408 0.04401041666666667 0.058333333333333334
0 0.6970052083333333 0.06041666666666667 0.039322916666666666 0.04953703703703704
0 0.7587239583333333 0.10694444444444444 0.040364583333333336 0.06018518518518518
0 0.8678385416666666 0.13148148148148148 0.03984375 0.05185185185185185
0 0.8934895833333333 0.24189814814814814 0.021354166666666667 0.0412037037037037
0 0.8765625 0.28541666666666665 0.0171875 0.0375
0 0.837890625 0.41898148148148145 0.029947916666666668 0.023148148148148147
0 0.98359375 0.7233796296296297 0.03229166666666667 0.0875
0 0.694921875 0.6983796296296296 0.05026041666666667 0.07453703703703704
0 0.72421875 0.8587962962962963 0.025520833333333333 0.05555555555555555
0 0.4837239583333333 0.9567129629629629 0.02734375 0.04490740740740741
0 0.9736979166666667 0.9034722222222222 0.03229166666666667 0.03009259259259259
0 0.9252604166666667 0.9175925925925926 0.015104166666666667 0.03518518518518519
0 0.867578125 0.5916666666666667 0.020572916666666666 0.03518518518518519
0 0.930078125 0.7296296296296296 0.02109375 0.06111111111111111
0 0.15182291666666667 0.2689814814814815 0.035416666666666666 0.05092592592592592
0 0.043229166666666666 0.7902777777777777 0.05 0.0712962962962963
0 0.6286458333333333 0.41435185185185186 0.0125 0.03796296296296296
0 0.6302083333333334 0.38564814814814813 0.014583333333333334 0.030555555555555555
0 0.60546875 0.2537037037037037 0.019270833333333334 0.027777777777777776
0 0.6427083333333333 0.055092592592592596 0.027083333333333334 0.026851851851851852
0 0.76171875 0.2865740740740741 0.018229166666666668 0.021296296296296296
0 0.790625 0.40925925925925927 0.0125 0.016666666666666666
0 0.48802083333333335 0.1050925925925926 0.011458333333333333 0.025
0 0.58203125 0.2722222222222222 0.0171875 0.014814814814814815
0 0.5541666666666667 0.3541666666666667 0.009375 0.019444444444444445
0 0.5427083333333333 0.3199074074074074 0.019791666666666666 0.019444444444444445
0 0.8927083333333333 0.737037037037037 0.013541666666666667 0.024074074074074074
0 0.8268229166666666 0.6064814814814815 0.0140625 0.027777777777777776
0 0.7330729166666666 0.7810185185185186 0.025520833333333333 0.049074074074074076
0 0.5075520833333333 0.2412037037037037 0.019270833333333334 0.012037037037037037
0 0.49947916666666664 0.21944444444444444 0.015625 0.025925925925925925
0 0.4856770833333333 0.2412037037037037 0.0078125 0.017592592592592594
0 0.44973958333333336 0.22777777777777777 0.016145833333333335 0.016666666666666666
0 0.46067708333333335 0.25092592592592594 0.009895833333333333 0.014814814814814815
0 0.5135416666666667 0.4925925925925926 0.01875 0.022222222222222223
0 0.9380208333333333 0.924074074074074 0.021875 0.02962962962962963
