0 0.119921875 0.500462962962963 0.054427083333333334 0.07777777777777778
0 0.1296875 0.5912037037037037 0.030729166666666665 0.11481481481481481
0 0.3453125 0.4861111111111111 0.058854166666666666 0.05648148148148148
0 0.350390625 0.5203703703703704 0.054947916666666666 0.03796296296296296
0 0.44166666666666665 0.44814814814814813 0.04739583333333333 0.08981481481481482
0 0.526171875 0.5087962962962963 0.028385416666666666 0.11574074074074074
0 0.58046875 0.5219907407407407 0.04583333333333333 0.047685185185185185
0 0.6311197916666667 0.5122685185185185 0.054947916666666666 0.04861111111111111
0 0.40325520833333334 0.5671296296296297 0.06328125 0.08055555555555556
0 0.6161458333333333 0.5988425925925925 0.09114583333333333 0.055092592592592596
0 0.6791666666666667 0.5571759259259259 0.07135416666666666 0.0587962962962963
0 0.49830729166666665 0.7037037037037037 0.06432291666666666 0.049074074074074076
0 0.5470052083333333 0.7138888888888889 0.08098958333333334 0.08055555555555556
0 0.562890625 0.64375 0.05859375 0.0587962962962963
0 0.47213541666666664 0.8354166666666667 0.15572916666666667 0.12175925925925926
0 0.4401041666666667 0.6916666666666667 0.11666666666666667 0.13703703703703704
0 0.3575520833333333 0.6837962962962963 0.07552083333333333 0.07685185185185185
0 0.165234375 0.9296296296296296 0.12630208333333334 0.12962962962962962
0 0.196875 0.8020833333333334 0.0640625 0.08472222222222223
0 0.19973958333333333 0.8273148148148148 0.0265625 0.10648148148148148
0 0.25859375 0.7451388888888889 0.04635416666666667 0.05694444444444444
0 0.30494791666666665 0.7305555555555555 0.04375 0.10277777777777777
0 0.5401041666666667 0.5416666666666666 0.03125 0.10185185185185185
0 0.09375 0.7837962962962963 0.09479166666666666 0.10092592592592593
