0 0.21731770833333333 0.8032407407407407 0.05755208333333333 0.04814814814814815
0 0.23385416666666667 0.8402777777777778 0.04375 0.04722222222222222
0 0.3611979166666667 0.8097222222222222 0.057291666666666664 0.03611111111111111
0 0.49075520833333336 0.8837962962962963 0.05807291666666667 0.037037037037037035
0 0.56328125 0.7162037037037037 0.0328125 0.021296296296296296
0 0.4725260416666667 0.9483796296296296 0.047135416666666666 0.04583333333333333
0 0.54765625 0.9571759259259259 0.0859375 0.08564814814814815
0 0.7395833333333334 0.8777777777777778 0.03125 0.08518518518518518
0 0.20052083333333334 0.9675925925925926 0.06302083333333333 0.06296296296296296
0 0.06380208333333333 0.7863425925925925 0.04114583333333333 0.02824074074074074
0 0.030859375 0.8094907407407408 0.055989583333333336 0.03009259259259259
0 0.019661458333333333 0.8300925925925926 0.026822916666666665 0.03796296296296296
0 0.36796875 0.8597222222222223 0.03697916666666667 0.04351851851851852
0 0.653125 0.8435185185185186 0.028125 0.040740740740740744
0 0.87578125 0.9215277777777777 0.1484375 0.15694444444444444
0 0.3736979166666667 0.9101851851851852 0.0828125 0.06481481481481481
0 0.5372395833333333 0.9046296296296297 0.08072916666666667 0.06481481481481481
