0 0.07682291666666667 0.8125 0.12135416666666667 0.19537037037037036
0 0.28020833333333334 0.5655092592592592 0.11145833333333334 0.08194444444444444
0 0.4608072916666667 0.4219907407407407 0.03515625 0.033796296296296297
0 0.47747395833333334 0.444212962962963 0.03463541666666667 0.03287037037037037
0 0.49765625 0.46620370370370373 0.040625 0.03333333333333333
0 0.5311197916666667 0.4134259259259259 0.04973958333333333 0.03796296296296296
0 0.5356770833333333 0.3486111111111111 0.041666666666666664 0.03333333333333333
0 0.6200520833333333 0.4027777777777778 0.05364583333333333 0.03148148148148148
0 0.75078125 0.5613425925925926 0.0359375 0.033796296296296297
0 0.75 0.4465277777777778 0.04895833333333333 0.031018518518518518
0 0.7490885416666667 0.41689814814814813 0.032552083333333336 0.02638888888888889
0 0.76171875 0.40300925925925923 0.049479166666666664 0.0375
0 0.8455729166666667 0.4613425925925926 0.030208333333333334 0.02824074074074074
0 0.873046875 0.4516203703703704 0.048177083333333336 0.04027777777777778
0 0.6286458333333333 0.638425925925926 0.03697916666666667 0.023148148148148147
0 0.8815104166666666 0.6983796296296296 0.028125 0.020833333333333332
0 0.8875 0.6777777777777778 0.023958333333333335 0.03333333333333333
0 0.43776041666666665 0.5736111111111111 0.0265625 0.04537037037037037
0 0.7575520833333333 0.5796296296296296 0.021354166666666667 0.022222222222222223
0 0.86171875 0.7037037037037037 0.0234375 0.024074074074074074
0 0.7231770833333333 0.4361111111111111 0.0328125 0.02962962962962963
