0 0.477734375 0.8650462962962963 0.09557291666666666 0.13194444444444445
0 0.8994791666666667 0.9495370370370371 0.0625 0.10092592592592593
0 0.668359375 0.7777777777777778 0.07265625 0.12037037037037036
0 0.7209635416666667 0.7546296296296297 0.06015625 0.10555555555555556
0 0.8 0.6363425925925926 0.17916666666666667 0.12731481481481483
0 0.7252604166666666 0.5585648148148148 0.05364583333333333 0.07731481481481481
0 0.7364583333333333 0.4650462962962963 0.10729166666666666 0.17083333333333334
0 0.6837239583333333 0.35162037037037036 0.15442708333333333 0.13194444444444445
0 0.6260416666666667 0.6902777777777778 0.0390625 0.0962962962962963
0 0.5515625 0.6921296296296297 0.09427083333333333 0.11203703703703703
0 0.5114583333333333 0.5858796296296296 0.059375 0.10787037037037037
0 0.5200520833333333 0.5726851851851852 0.05572916666666667 0.08796296296296297
0 0.3834635416666667 0.6238425925925926 0.04869791666666667 0.08009259259259259
0 0.44765625 0.6050925925925926 0.059895833333333336 0.1361111111111111
0 0.440625 0.5078703703703704 0.03802083333333333 0.10925925925925926
0 0.39934895833333334 0.4511574074074074 0.04973958333333333 0.10416666666666667
0 0.3828125 0.4537037037037037 0.10104166666666667 0.13333333333333333
0 0.34739583333333335 0.5087962962962963 0.09479166666666666 0.08518518518518518
0 0.34609375 0.5738425925925926 0.071875 0.07546296296296297
0 0.21575520833333334 0.6962962962962963 0.06171875 0.09351851851851851
0 0.0859375 0.71875 0.10989583333333333 0.12453703703703704
0 0.175 0.6277777777777778 0.11770833333333333 0.08888888888888889
0 0.20299479166666667 0.611574074074074 0.039322916666666666 0.14351851851851852
0 0.224609375 0.5520833333333334 0.13151041666666666 0.1587962962962963
0 0.28216145833333334 0.45555555555555555 0.04140625 0.08055555555555556
0 0.1375 0.4842592592592593 0.04375 0.06296296296296296
0 0.07604166666666666 0.5023148148148148 0.05572916666666667 0.06574074074074074
0 0.061328125 0.3537037037037037 0.07630208333333334 0.0712962962962963
0 0.05625 0.4131944444444444 0.1125 0.08935185185185185
0 0.06796875 0.46296296296296297 0.1359375 0.10555555555555556
0 0.14348958333333334 0.3819444444444444 0.0765625 0.09722222222222222
0 0.11536458333333334 0.23402777777777778 0.040625 0.07083333333333333
0 0.13671875 0.20462962962962963 0.050520833333333334 0.0962962962962963
0 0.178125 0.24421296296296297 0.036458333333333336 0.12268518518518519
0 0.26848958333333334 0.3592592592592593 0.121875 0.12777777777777777
0 0.32513020833333334 0.16666666666666666 0.05546875 0.06388888888888888
0 0.37734375 0.12939814814814815 0.0625 0.07546296296296297
0 0.4515625 0.17291666666666666 0.06770833333333333 0.15416666666666667
0 0.44453125 0.24861111111111112 0.05364583333333333 0.05092592592592592
0 0.5010416666666667 0.1986111111111111 0.04895833333333333 0.0712962962962963
0 0.578125 0.19675925925925927 0.0796875 0.1
0 0.6625 0.10949074074074074 0.15260416666666668 0.11898148148148148
0 0.6049479166666667 0.48912037037037037 0.05260416666666667 0.11898148148148148
0 0.471484375 0.38587962962962963 0.07005208333333333 0.10787037037037037
0 0.47265625 0.2953703703703704 0.0921875 0.07592592592592592
0 0.3984375 0.35 0.08333333333333333 0.09259259259259259
0 0.5747395833333333 0.33194444444444443 0.06197916666666667 0.06018518518518518
0 0.5731770833333333 0.42592592592592593 0.0484375 0.07407407407407407
0 0.5364583333333334 0.4136574074074074 0.08958333333333333 0.07824074074074074
0 0.5283854166666667 0.3773148148148148 0.034895833333333334 0.0787037037037037
0 0.30442708333333335 0.23935185185185184 0.034895833333333334 0.0787037037037037
0 0.3385416666666667 0.6189814814814815 0.121875 0.12129629629629629
0 0.5848958333333333 0.3907407407407407 0.11145833333333334 0.18703703703703703
