0 0.05859375 0.3284722222222222 0.0296875 0.02824074074074074
0 0.321484375 0.3988425925925926 0.02734375 0.02361111111111111
0 0.30625 0.41435185185185186 0.026041666666666668 0.027777777777777776
0 0.39231770833333335 0.394212962962963 0.03567708333333333 0.02175925925925926
0 0.9485677083333334 0.7020833333333333 0.05911458333333333 0.03657407407407407
0 0.9190104166666667 0.39652777777777776 0.06354166666666666 0.03657407407407407
0 0.4876302083333333 0.35300925925925924 0.030989583333333334 0.034722222222222224
0 0.4356770833333333 0.3347222222222222 0.0109375 0.012037037037037037
0 0.09427083333333333 0.41759259259259257 0.035416666666666666 0.037037037037037035
0 0.05755208333333333 0.33935185185185185 0.025520833333333333 0.017592592592592594
0 0.14609375 0.3402777777777778 0.0171875 0.017592592592592594
0 0.6677083333333333 0.38287037037037036 0.010416666666666666 0.019444444444444445
0 0.8194010416666667 0.49398148148148147 0.026822916666666665 0.026851851851851852
0 0.9924479166666667 0.5037037037037037 0.015104166666666667 0.020370370370370372
0 0.07057291666666667 0.0962962962962963 0.03697916666666667 0.03148148148148148
