0 0.2571614583333333 0.25277777777777777 0.30755208333333334 0.20925925925925926
0 0.20950520833333333 0.48032407407407407 0.17109375 0.1912037037037037
0 0.0703125 0.5814814814814815 0.020833333333333332 0.040740740740740744
0 0.428515625 0.5111111111111111 0.14088541666666668 0.10925925925925926
0 0.2890625 0.7069444444444445 0.13541666666666666 0.10740740740740741
0 0.4315104166666667 0.7368055555555556 0.2755208333333333 0.19675925925925927
0 0.6501302083333333 0.6328703703703704 0.09036458333333333 0.12037037037037036
0 0.8557291666666667 0.6844907407407408 0.0453125 0.08472222222222223
0 0.0234375 0.5826388888888889 0.021875 0.029166666666666667
0 0.9270833333333334 0.5453703703703704 0.021875 0.07407407407407407
0 0.42552083333333335 0.5925925925925926 0.03958333333333333 0.07037037037037037
