0 0.22513020833333333 0.1884259259259259 0.019010416666666665 0.04351851851851852
0 0.2884114583333333 0.26273148148148145 0.04088541666666667 0.050462962962962966
0 0.10455729166666666 0.3263888888888889 0.01328125 0.027777777777777776
0 0.05026041666666667 0.4583333333333333 0.026041666666666668 0.06018518518518518
0 0.06341145833333334 0.38078703703703703 0.02421875 0.033796296296296297
0 0.27890625 0.43680555555555556 0.08125 0.07916666666666666
0 0.480859375 0.6796296296296296 0.05651041666666667 0.08518518518518518
0 0.45078125 0.8594907407407407 0.04375 0.09768518518518518
0 0.5770833333333333 0.7548611111111111 0.058333333333333334 0.07546296296296297
0 0.5279947916666666 0.2349537037037037 0.03723958333333333 0.04398148148148148
0 0.6364583333333333 0.4164351851851852 0.025520833333333333 0.056018518518518516
0 0.21875 0.7277777777777777 0.10729166666666666 0.1287037037037037
0 0.44088541666666664 0.749537037037037 0.034895833333333334 0.06018518518518518
0 0.39869791666666665 0.7638888888888888 0.0296875 0.07777777777777778
0 0.5231770833333333 0.8032407407407407 0.025520833333333333 0.05092592592592592
0 0.54609375 0.16666666666666666 0.0265625 0.044444444444444446
0 0.3072916666666667 0.3819444444444444 0.03125 0.05277777777777778
0 0.24322916666666666 0.44537037037037036 0.03333333333333333 0.046296296296296294
