0 0.10598958333333333 0.7731481481481481 0.15989583333333332 0.06851851851851852
0 0.19947916666666668 0.7016203703703704 0.15052083333333333 0.0699074074074074
0 0.23619791666666667 0.5895833333333333 0.1234375 0.07175925925925926
0 0.17005208333333333 0.4675925925925926 0.19947916666666668 0.08796296296296297
0 0.043619791666666664 0.39328703703703705 0.08723958333333333 0.08564814814814815
0 0.12604166666666666 0.3236111111111111 0.2520833333333333 0.1388888888888889
0 0.24791666666666667 0.23912037037037037 0.23072916666666668 0.13194444444444445
0 0.351953125 0.3224537037037037 0.18203125 0.10138888888888889
0 0.425 0.5085648148148149 0.16302083333333334 0.10972222222222222
0 0.7809895833333333 0.3712962962962963 0.16458333333333333 0.09351851851851851
0 0.6276041666666666 0.293287037037037 0.19166666666666668 0.1125
0 0.36627604166666666 0.04791666666666667 0.22161458333333334 0.09583333333333334
0 0.6440104166666667 0.12939814814814815 0.26145833333333335 0.17546296296296296
0 0.5427083333333333 0.15833333333333333 0.16354166666666667 0.11481481481481481
0 0.9377604166666667 0.47824074074074074 0.12239583333333333 0.09907407407407408
0 0.8197916666666667 0.7064814814814815 0.1625 0.09444444444444444
0 0.5697916666666667 0.6578703703703703 0.22083333333333333 0.1175925925925926
0 0.5549479166666667 0.7782407407407408 0.11510416666666666 0.062037037037037036
