0 0.871875 0.3784722222222222 0.06770833333333333 0.06435185185185185
0 0.5907552083333333 0.555787037037037 0.04140625 0.04027777777777778
0 0.34322916666666664 0.2726851851851852 0.04791666666666667 0.05925925925925926
0 0.36940104166666665 0.12893518518518518 0.06171875 0.06712962962962964
0 0.011979166666666667 0.39375 0.023958333333333335 0.027314814814814816
0 0.194140625 0.5282407407407408 0.027864583333333335 0.05740740740740741
0 0.07057291666666667 0.5560185185185185 0.013020833333333334 0.026851851851851852
0 0.312109375 0.5108796296296296 0.14661458333333333 0.08287037037037037
0 0.13802083333333334 0.8206018518518519 0.016145833333333335 0.08194444444444444
0 0.25442708333333336 0.7226851851851852 0.03177083333333333 0.028703703703703703
0 0.26796875 0.7849537037037037 0.04479166666666667 0.0587962962962963
0 0.34036458333333336 0.631712962962963 0.03958333333333333 0.05787037037037037
0 0.51015625 0.7856481481481481 0.071875 0.09722222222222222
0 0.573046875 0.6921296296296297 0.04348958333333333 0.03518518518518519
0 0.43307291666666664 0.9305555555555556 0.0484375 0.040740740740740744
0 0.7390625 0.799537037037037 0.05 0.04351851851851852
0 0.5486979166666667 0.6226851851851852 0.08177083333333333 0.08055555555555556
